MATLAB is selecting SOFTWARE OPENGL rendering.
[?1h=
                                                                                          < M A T L A B (R) >
                                                                                Copyright 1984-2019 The MathWorks, Inc.
                                                                            R2019b Update 5 (9.7.0.1319299) 64-bit (glnxa64)
                                                                                           February 19, 2020

 
To get started, type doc.
For product information, visit www.mathworks.com.
 
[H[2J
basePath = 

    ""


dataSetPath = 

    "/mnt/sda/DeepMicrobes-data/labeled_genome-r202/o__Lactobacillales_split_pruned"


testSetPath = 

    "/mnt/sda/DeepMicrobes-data/labeled_genome-r202/hgr_mags/o__Lactobacillales"

Reading sequences .... 
Starting parallel pool (parpool) using the 'local' profile ...

Starting parallel pool (parpool) using the 'local' profile ...
Connected to the parallel pool (number of workers: 12).
Generating CGRs.... 
totalSeq is: 2154
Computing disMat .... 
Performing classification .... 

minSeqLen =

     0


maxSeqLen =

     0

dataSet is:/mnt/sda/DeepMicrobes-data/labeled_genome-r202/hgr_mags/o__Lactobacillales
numTestSeq is: 1155
2
2
2
2
2
2
2
2
2
2
2
2
2
2
2
2
2
2
2
2
2
2
2
2
5
5
5
5
5
5
2
2
2
2
2
2
2
2
2
2
2
2
2
2
2
2
2
2
2
2
2
2
2
2
2
2
2
2
2
2
2
2
2
2
2
2
2
2
2
5
5
5
5
5
5
2
2
2
5
5
5
2
2
2
2
2
2
2
2
2
2
2
2
2
2
2
2
2
2
2
2
2
2
2
2
2
2
2
2
2
2
2
2
2
2
2
2
2
2
2
2
2
2
2
2
2
2
2
2
2
2
2
2
2
2
2
2
2
2
2
2
2
2
2
2
2
2
2
2
2
2
2
2
2
2
2
2
2
2
3
3
3
2
2
2
2
2
2
2
2
2
2
2
2
2
2
2
2
2
2
2
2
2
2
2
2
2
2
2
2
2
2
2
2
2
2
2
2
2
2
2
2
2
2
2
2
2
2
2
2
2
2
2
2
2
2
2
2
2
2
2
2
2
2
3
3
3
2
2
2
2
2
2
3
3
3
2
2
2
2
2
2
3
3
3
3
3
3
3
3
3
3
3
2
2
2
2
2
2
2
2
2
2
2
2
3
3
2
2
2
2
2
2
2
2
2
3
2
2
2
2
2
2
2
2
2
5
5
5
2
2
2
2
2
2
2
2
2
2
2
2
2
2
2
2
2
2
2
2
2
2
2
2
2
2
2
2
2
2
3
3
3
2
2
2
2
2
2
5
5
5
2
2
2
2
2
2
2
2
2
2
2
2
2
2
2
2
2
2
2
2
2
2
2
2
2
2
2
2
2
2
5
5
5
3
3
3
2
2
2
5
5
5
2
2
2
2
2
2
2
2
2
2
2
2
2
2
2
2
2
2
2
2
2
2
2
2
2
2
2
2
2
2
2
2
2
5
5
5
2
2
2
2
2
2
2
2
2
2
2
2
2
2
2
2
2
2
2
2
2
2
2
2
2
2
2
2
2
2
2
2
2
2
2
2
2
2
2
2
2
2
3
3
3
2
2
2
2
2
2
5
5
5
2
2
2
2
2
2
2
2
2
2
2
2
2
2
2
2
2
2
2
2
2
2
2
2
2
2
2
2
2
2
2
2
2
2
2
2
2
2
2
2
2
2
2
2
2
2
2
2
2
2
2
2
2
2
2
2
2
2
2
2
5
5
5
2
2
2
2
2
2
2
2
2
2
2
2
2
2
2
2
2
2
2
2
2
2
2
2
2
2
2
2
2
2
2
2
2
2
2
2
2
2
2
2
2
2
2
2
2
2
2
2
2
2
2
2
2
2
2
2
2
2
2
2
2
2
2
3
3
3
3
3
3
3
3
3
2
2
2
2
2
2
5
5
5
2
2
2
2
2
2
2
2
2
2
2
2
2
2
2
2
2
2
3
3
3
3
3
3
3
3
3
3
3
3
3
3
3
3
3
3
2
2
2
2
2
2
2
2
2
2
2
2
2
2
2
2
2
2
2
2
2
2
2
2
2
2
2
2
2
2
2
2
2
2
2
2
2
2
2
2
2
2
2
2
2
2
2
2
2
2
2
2
2
2
2
2
2
2
2
2
2
2
2
3
3
3
3
3
3
5
5
5
3
3
3
3
3
3
3
3
3
2
2
2
2
2
2
2
2
2
2
2
2
3
3
3
2
2
2
2
2
2
2
2
2
2
2
2
3
3
3
2
2
2
3
3
3
3
3
3
3
3
2
2
2
2
2
2
3
3
3
3
3
3
5
5
5
3
3
3
2
2
2
3
3
3
2
2
2
5
5
5
3
3
3
2
2
2
2
2
2
2
2
2
3
3
3
5
5
5
5
5
5
5
5
5
5
5
5
2
2
2
3
3
3
3
3
3
3
3
3
3
3
3
3
3
3
3
3
3
3
3
3
5
5
5
5
5
5
5
5
5
2
2
2
3
3
3
2
2
2
2
2
2
3
3
3
2
2
2
2
2
2
3
3
3
2
2
2
2
2
2
2
2
2
2
2
2
2
2
2
3
3
3
2
2
2
2
2
2
3
3
3
2
2
2
3
3
5
5
5
5
5
5
2
2
2
5
5
5
5
5
5
2
2
2
3
3
3
2
2
2
2
2
2
3
3
3
3
3
3
3
3
3
2
2
2
2
2
2
5
5
5
3
3
3
2
2
2
3
3
2
2
2
3
3
3
3
3
3
2
2
2
2
2
2
3
3
3
2
2
2
2
2
2
2
2
2
5
5
5
2
2
2
2
2
2
2
2
2
2
2
2
2
2
2
2
2
2
2
2
2
2
2
2
2
2
2
2
2
2
2
2
2
5
5
5
2
2
2
2
2
2
2
2
2
2
2
2
2
2
2
2
2
2
2
2
2
2
2
2
5
2
2
2
2
2
2
2
2
2
2
2
2
5
5
2
2
2
2
2
2
2
2
2
2
2
2
2
2
2
3
3
2
2
2
2
2
2
2
2
2
2
2
2
2
2
2
2
2
2
2
2
2
2
2
2
2
2
2
2
2
2
2
2
2
2
2
2
2
2
2
2
2
2
2
3
2
2
2
2
2
2
2
2
2
2
2
2
2
2
2
2
2
2
2
2
2
2
2
2
3

clusterNames =

  1x5 cell array

    {'1-f__Aerococcaceae'}    {'f__Enterococcaceae'}    {'f__Lactobacillaceae'}    {'f__Listeriaceae'}    {'f__Streptococcaceae'}


clusterNames =

  1x5 cell array

    {'1-f__Aerococcaceae'}    {'2-f__Enterococcaceae'}    {'f__Lactobacillaceae'}    {'f__Listeriaceae'}    {'f__Streptococcaceae'}


clusterNames =

  1x5 cell array

    {'1-f__Aerococcaceae'}    {'2-f__Enterococcaceae'}    {'3-f__Lactobacillaceae'}    {'f__Listeriaceae'}    {'f__Streptococcaceae'}


clusterNames =

  1x5 cell array

    {'1-f__Aerococcaceae'}    {'2-f__Enterococcaceae'}    {'3-f__Lactobacillaceae'}    {'4-f__Listeriaceae'}    {'f__Streptococcaceae'}


clusterNames =

  1x5 cell array

    {'1-f__Aerococcaceae'}    {'2-f__Enterococcaceae'}    {'3-f__Lactobacillaceae'}    {'4-f__Listeriaceae'}    {'5-f__Streptococcaceae'}

    '1-f__Aerococcaceae'    '2-f__Enterococcaceae'    '3-f__Lactobacillaceae'    '4-f__Listeriaceae'    '5-f__Streptococcaceae'


header =

  1x6 cell array

    {'1-f__Aerococcaceae'}    {'2-f__Enterococcaceae'}    {'3-f__Lactobacillaceae'}    {'4-f__Listeriaceae'}    {'5-f__Streptococcaceae'}    {'prediction'}


T3 =

  1155x6 table

                              1-f__Aerococcaceae    2-f__Enterococcaceae    3-f__Lactobacillaceae    4-f__Listeriaceae    5-f__Streptococcaceae    prediction
                              __________________    ____________________    _____________________    _________________    _____________________    __________

    even_MAG-GUT1029.fa           0.00025524                0.91229                0.067357               0.018689              0.0014066              2     
    even_MAG-GUT1029_1.fa          0.0003285                0.81559                 0.16625               0.017037             0.00079427              2     
    even_MAG-GUT1029_2.fa         0.00025026                0.94177                0.037203               0.018336              0.0024436              2     
    even_MAG-GUT1036.fa           0.00018933                0.87618                 0.10323               0.020299             0.00010213              2     
    even_MAG-GUT1036_1.fa         0.00014488                0.87514                 0.11181               0.012851             4.8978e-05              2     
    even_MAG-GUT1036_2.fa         0.00028506                0.83296                 0.14437               0.022163             0.00022206              2     
    even_MAG-GUT1037.fa            0.0048632                0.86025                 0.11189               0.021646              0.0013567              2     
    even_MAG-GUT1037_1.fa           0.006827                 0.7898                 0.16133               0.038389              0.0036571              2     
    even_MAG-GUT1037_2.fa          0.0039467                0.84177                 0.14246               0.011254             0.00057055              2     
    even_MAG-GUT1047.fa            0.0048632                0.86025                 0.11189               0.021646              0.0013567              2     
    even_MAG-GUT1047_1.fa           0.006827                 0.7898                 0.16133               0.038389              0.0036571              2     
    even_MAG-GUT1047_2.fa          0.0039467                0.84177                 0.14246               0.011254             0.00057055              2     
    even_MAG-GUT1052.fa           2.2551e-06                0.94208                0.046405               0.010928             0.00058519              2     
    even_MAG-GUT1052_1.fa         6.6068e-07                 0.9513                0.033255               0.014695             0.00074678              2     
    even_MAG-GUT1052_2.fa         7.9097e-06                0.88358                 0.10974              0.0062648             0.00041514              2     
    even_MAG-GUT1055.fa           7.6266e-05                0.97371                0.011592               0.013649             0.00097113              2     
    even_MAG-GUT1055_1.fa         0.00015485                0.94807                 0.02997               0.019564              0.0022366              2     
    even_MAG-GUT1055_2.fa         5.8124e-05                0.98111               0.0084138              0.0098702             0.00055125              2     
    even_MAG-GUT1062.fa           1.1951e-05                0.91312                0.075756               0.011003             0.00010629              2     
    even_MAG-GUT1062_1.fa         3.7744e-06                 0.9272                0.065077               0.007616             0.00010723              2     
    even_MAG-GUT1062_2.fa         5.2211e-05                0.85793                 0.12764               0.014234             0.00013698              2     
    even_MAG-GUT1077.fa           1.5871e-05                 0.9749                0.010986               0.013354             0.00074537              2     
    even_MAG-GUT1077_1.fa         5.2093e-06                0.97229                0.016942               0.010116             0.00064656              2     
    even_MAG-GUT1077_2.fa         7.3386e-05                0.96471                0.015929               0.018196              0.0010941              2     
    even_MAG-GUT1082.fa           4.3791e-07              0.0011402               0.0028173              0.0010866                0.99496              5     
    even_MAG-GUT1082_1.fa         6.0001e-07              0.0018378               0.0022354              0.0019792                0.99395              5     
    even_MAG-GUT1082_2.fa         4.5928e-07              0.0011799                0.007322             0.00076071                0.99074              5     
    even_MAG-GUT1086.fa           1.2532e-06              0.0033066               0.0088095              0.0026868                 0.9852              5     
    even_MAG-GUT1086_1.fa         3.4454e-07              0.0034472               0.0032935              0.0019875                0.99127              5     
    even_MAG-GUT1086_2.fa         8.3455e-06              0.0050581                0.047156              0.0055745                 0.9422              5     
    even_MAG-GUT1088.fa           2.7515e-05                0.93294                0.050116                0.01645             0.00046957              2     
    even_MAG-GUT1088_1.fa         7.8275e-05                  0.872                 0.10486                0.02249             0.00057632              2     
    even_MAG-GUT1088_2.fa         1.3668e-05                0.94719                0.040269               0.012051              0.0004805              2     
    even_MAG-GUT1103.fa           1.2318e-05                0.98168                0.007071               0.010818             0.00041791              2     
    even_MAG-GUT1103_1.fa         9.2072e-06                0.98285               0.0041451               0.010881              0.0021137              2     
    even_MAG-GUT1103_2.fa         2.8919e-05                0.96294                0.026547               0.010361             0.00012151              2     
    even_MAG-GUT1160.fa           0.00016653                0.79331                 0.14423               0.055886              0.0064021              2     
    even_MAG-GUT1160_1.fa         0.00033031                0.81327                 0.11959               0.061483              0.0053274              2     
    even_MAG-GUT1160_2.fa          0.0001001                0.72698                 0.22016               0.043508              0.0092583              2     
    even_MAG-GUT1169.fa           5.4089e-05                0.97635               0.0075501               0.014982              0.0010625              2     
    even_MAG-GUT1169_1.fa         4.8798e-05                0.97476               0.0074991               0.015873              0.0018219              2     
    even_MAG-GUT1169_2.fa         0.00012585                 0.9682                0.014769               0.015818              0.0010875              2     
    even_MAG-GUT1171.fa           2.5196e-05                0.88613                0.096139               0.017347             0.00036278              2     
    even_MAG-GUT1171_1.fa         7.5855e-05                0.85368                 0.13495               0.011013             0.00027305              2     
    even_MAG-GUT1171_2.fa         1.0465e-05                0.88555                0.089342               0.024506             0.00059335              2     
    even_MAG-GUT1173.fa           7.0661e-05                0.91154                0.077675               0.010447             0.00026591              2     
    even_MAG-GUT1173_1.fa         3.6382e-05                0.90685                0.086045              0.0069642             0.00010599              2     
    even_MAG-GUT1173_2.fa         0.00023088                0.87443                 0.10859               0.015947             0.00080317              2     
    even_MAG-GUT1177.fa           0.00037673                0.96751                0.010476               0.020867             0.00077122              2     
    even_MAG-GUT1177_1.fa         0.00056384                0.96023                0.017738               0.020376              0.0010951              2     
    even_MAG-GUT1177_2.fa         0.00032038                0.96621                 0.01169               0.021047             0.00073381              2     
    even_MAG-GUT1196.fa           4.4071e-06                0.98333                 0.01005              0.0065928             2.1115e-05              2     
    even_MAG-GUT1196_1.fa         3.9819e-06                0.98651               0.0057711              0.0076913             2.8046e-05              2     
    even_MAG-GUT1196_2.fa         6.5147e-06                0.96691                0.027443              0.0056135             2.4864e-05              2     
    even_MAG-GUT1197.fa            7.057e-05                0.94164                0.045911               0.011684             0.00069487              2     
    even_MAG-GUT1197_1.fa         0.00027947                0.94375                0.031095               0.020348              0.0045309              2     
    even_MAG-GUT1197_2.fa         3.1906e-05                0.86067                 0.13148              0.0076233             0.00018632              2     
    even_MAG-GUT1228.fa            7.057e-05                0.94164                0.045911               0.011684             0.00069487              2     
    even_MAG-GUT1228_1.fa         0.00027947                0.94375                0.031095               0.020348              0.0045309              2     
    even_MAG-GUT1228_2.fa         3.1906e-05                0.86067                 0.13148              0.0076233             0.00018632              2     
    even_MAG-GUT1236.fa           0.00010474                0.97135                0.012762               0.014505              0.0012803              2     
    even_MAG-GUT1236_1.fa         0.00028981                0.95651                0.018783               0.021714              0.0026991              2     
    even_MAG-GUT1236_2.fa          8.174e-05                0.97119                0.015715               0.011667               0.001343              2     
    even_MAG-GUT1242.fa           0.00015614                0.92984                0.054705               0.013997              0.0012975              2     
    even_MAG-GUT1242_1.fa         9.0723e-05                0.96338                0.026075              0.0099107             0.00054449              2     
    even_MAG-GUT1242_2.fa         0.00035098                 0.8161                 0.15848               0.020545              0.0045245              2     
    even_MAG-GUT1244.fa           1.5186e-06                 0.9616                0.029001              0.0092014             0.00019347              2     
    even_MAG-GUT1244_1.fa         2.1074e-06                0.89629                0.099111              0.0045275             7.3998e-05              2     
    even_MAG-GUT1244_2.fa         1.3361e-06                0.97126                0.012953               0.015231             0.00055462              2     
    even_MAG-GUT1246.fa           3.1245e-06             0.00087095               0.0022123              0.0014612                0.99545              5     
    even_MAG-GUT1246_1.fa         1.1363e-05              0.0020846               0.0017755              0.0016562                0.99447              5     
    even_MAG-GUT1246_2.fa         1.3209e-06             0.00051759               0.0057369              0.0016262                0.99212              5     
    even_MAG-GUT1252.fa           1.0081e-06             0.00048213               0.0091491              0.0024913                0.98788              5     
    even_MAG-GUT1252_1.fa         9.9392e-07             0.00055126                0.018758               0.001683                0.97901              5     
    even_MAG-GUT1252_2.fa         1.8749e-06             0.00084691               0.0075189              0.0047534                0.98688              5     
    even_MAG-GUT1255.fa           1.5186e-06                 0.9616                0.029001              0.0092014             0.00019347              2     
    even_MAG-GUT1255_1.fa         2.1074e-06                0.89629                0.099111              0.0045275             7.3998e-05              2     
    even_MAG-GUT1255_2.fa         1.3361e-06                0.97126                0.012953               0.015231             0.00055462              2     
    even_MAG-GUT1263.fa           1.1612e-06              0.0012783               0.0013065              0.0013885                0.99603              5     
    even_MAG-GUT1263_1.fa         4.9515e-06              0.0024758               0.0017277               0.001987                 0.9938              5     
    even_MAG-GUT1263_2.fa         4.5709e-07              0.0009861               0.0020349              0.0014019                0.99558              5     
    even_MAG-GUT1266.fa           4.7302e-06                0.95743                0.033335              0.0089606             0.00026701              2     
    even_MAG-GUT1266_1.fa         3.7463e-05                0.94907                0.041872              0.0086856             0.00033625              2     
    even_MAG-GUT1266_2.fa         9.4656e-07                0.95106                0.040666              0.0080487             0.00022372              2     
    even_MAG-GUT1270.fa           1.2119e-06                0.99537               0.0002964              0.0023714              0.0019641              2     
    even_MAG-GUT1270_1.fa         2.3016e-06                0.99465              0.00044364              0.0026976              0.0022064              2     
    even_MAG-GUT1270_2.fa         1.1336e-06                 0.9944              0.00033108              0.0025755              0.0026943              2     
    even_MAG-GUT1276.fa           1.9234e-06                0.99346               0.0012419              0.0042539              0.0010455              2     
    even_MAG-GUT1276_1.fa         2.9189e-06                0.99234              0.00034987              0.0057227                0.00158              2     
    even_MAG-GUT1276_2.fa         1.4131e-06                0.99046                0.005903              0.0028179             0.00081683              2     
    even_MAG-GUT1288.fa           5.8508e-07                0.99448              0.00017233              0.0044775              0.0008711              2     
    even_MAG-GUT1288_1.fa         8.9674e-07                0.99282              0.00033677              0.0051879              0.0016582              2     
    even_MAG-GUT1288_2.fa         6.6493e-07                0.99503              0.00015276              0.0041541              0.0006623              2     
    even_MAG-GUT1297.fa           3.8996e-06                0.98953               0.0071126              0.0023557             0.00099944              2     
    even_MAG-GUT1297_1.fa         3.8191e-06                0.99126               0.0051153              0.0027512             0.00086753              2     
    even_MAG-GUT1297_2.fa         5.5111e-06                0.98296                0.012137              0.0027335              0.0021657              2     
    even_MAG-GUT1315.fa           4.8292e-08                0.99193              2.1275e-06              0.0076423             0.00042378              2     
    even_MAG-GUT1315_1.fa         1.0074e-07                0.99273              1.6129e-06              0.0066576             0.00060847              2     
    even_MAG-GUT1315_2.fa         3.0895e-08                0.99048              5.3558e-06              0.0091409             0.00037665              2     
    even_MAG-GUT1318.fa           4.1699e-05                0.88887                 0.10578              0.0052341             8.0601e-05              2     
    even_MAG-GUT1318_1.fa         2.9209e-05                0.91046                0.083893              0.0053927             0.00022031              2     
    even_MAG-GUT1318_2.fa         0.00010267                0.79475                 0.19967              0.0054195             5.0962e-05              2     
    even_MAG-GUT1319.fa           0.00012015                0.84574                  0.1429               0.011068             0.00017183              2     
    even_MAG-GUT1319_1.fa         8.5172e-05                0.87515                 0.11657              0.0080378              0.0001633              2     
    even_MAG-GUT1319_2.fa         0.00022519                0.74992                 0.23449               0.015035             0.00032892              2     
    even_MAG-GUT1328.fa           0.00037673                0.96751                0.010476               0.020867             0.00077122              2     
    even_MAG-GUT1328_1.fa         0.00056384                0.96023                0.017738               0.020376              0.0010951              2     
    even_MAG-GUT1328_2.fa         0.00032038                0.96621                 0.01169               0.021047             0.00073381              2     
    even_MAG-GUT1336.fa           1.5996e-08                0.99353              1.6378e-05              0.0061094             0.00034102              2     
    even_MAG-GUT1336_1.fa         1.2048e-08                0.99292              1.3201e-05              0.0066864             0.00038336              2     
    even_MAG-GUT1336_2.fa         2.9179e-08                0.99376              4.1842e-05              0.0058429             0.00035431              2     
    even_MAG-GUT1362.fa            0.0012444                0.90756                0.055182               0.033138              0.0028756              2     
    even_MAG-GUT1362_1.fa         0.00062704                0.93891                0.043647               0.015351              0.0014687              2     
    even_MAG-GUT1362_2.fa          0.0029558                0.78368                 0.13134               0.073552              0.0084795              2     
    even_MAG-GUT1368.fa           1.0416e-05                0.94839                 0.03604               0.012268              0.0032866              2     
    even_MAG-GUT1368_1.fa         5.5079e-06                0.95096                0.039025              0.0075009              0.0025084              2     
    even_MAG-GUT1368_2.fa         2.5902e-05                0.90871                0.065183               0.021291              0.0047853              2     
    even_MAG-GUT1370.fa           1.8996e-06                0.99286                3.12e-05              0.0063222             0.00078415              2     
    even_MAG-GUT1370_1.fa         2.3357e-06                0.99397              3.1966e-05              0.0053109             0.00068975              2     
    even_MAG-GUT1370_2.fa         2.2789e-06                0.98986              5.3202e-05              0.0086612              0.0014234              2     
    even_MAG-GUT1391.fa           2.5624e-05                0.98984                0.000129              0.0077389              0.0022618              2     
    even_MAG-GUT1391_1.fa         1.9137e-05                0.98994              0.00025397              0.0087647              0.0010173              2     
    even_MAG-GUT1391_2.fa          4.672e-05                0.98573              0.00012742              0.0079271              0.0061671              2     
    even_MAG-GUT1393.fa            8.014e-09                0.99222              2.9462e-06               0.007684             9.5639e-05              2     
    even_MAG-GUT1393_1.fa         4.6915e-09                 0.9899              4.4376e-06                0.01007             2.5356e-05              2     
    even_MAG-GUT1393_2.fa         2.4539e-08                0.99392              3.4043e-06              0.0054492              0.0006313              2     
    even_MAG-GUT1396.fa           1.5586e-05                  0.892                0.079391               0.022653              0.0059417              2     
    even_MAG-GUT1396_1.fa         8.2645e-06                0.84377                 0.13297               0.019671              0.0035833              2     
    even_MAG-GUT1396_2.fa         3.8175e-05                0.89875                0.070886               0.022244              0.0080814              2     
    even_MAG-GUT1457.fa           5.2965e-08                 0.9919              7.2063e-06              0.0079385              0.0001516              2     
    even_MAG-GUT1457_1.fa         3.9371e-08                0.99115              1.0355e-05              0.0086646             0.00017417              2     
    even_MAG-GUT1457_2.fa         1.3637e-07                0.99258              9.9166e-06              0.0071813             0.00023326              2     
    even_MAG-GUT1477.fa           1.2011e-06                0.97846                0.010201               0.010048                0.00129              2     
    even_MAG-GUT1477_1.fa         3.8496e-06                0.94498                0.041998               0.012208             0.00080946              2     
    even_MAG-GUT1477_2.fa         5.2595e-07                0.98438               0.0052715              0.0084084               0.001936              2     
    even_MAG-GUT1479.fa           3.0441e-08                0.98884              5.1219e-06              0.0094666              0.0016854              2     
    even_MAG-GUT1479_1.fa         1.6704e-07                0.98773              5.3398e-06              0.0086179              0.0036427              2     
    even_MAG-GUT1479_2.fa         7.1622e-09                0.98893              8.5866e-06               0.010121             0.00094006              2     
    even_MAG-GUT1498.fa           3.1615e-05                0.94805                0.036441               0.014442               0.001032              2     
    even_MAG-GUT1498_1.fa         1.4673e-05                0.96864                0.022522              0.0083616             0.00045866              2     
    even_MAG-GUT1498_2.fa         9.8577e-05                0.86988                 0.10073               0.026397              0.0029035              2     
    even_MAG-GUT1511.fa           1.5002e-05                0.94433                 0.02426               0.027707              0.0036897              2     
    even_MAG-GUT1511_1.fa         3.5966e-06                 0.9582                 0.02065                0.01819              0.0029565              2     
    even_MAG-GUT1511_2.fa         0.00012742                0.88926                0.053737               0.049173              0.0077048              2     
    even_MAG-GUT1522.fa           0.00021535                0.97452                0.018336              0.0066207             0.00030795              2     
    even_MAG-GUT1522_1.fa         0.00033333                0.97729                0.015754              0.0063661             0.00025655              2     
    even_MAG-GUT1522_2.fa         0.00020065                0.96018                0.032382               0.006837             0.00040089              2     
    even_MAG-GUT1541.fa           3.4055e-07                0.99159              5.4283e-06              0.0073408              0.0010602              2     
    even_MAG-GUT1541_1.fa         6.9911e-07                0.98987              4.2227e-06              0.0072862              0.0028432              2     
    even_MAG-GUT1541_2.fa         2.2457e-07                0.99201              1.2616e-05              0.0073481             0.00062924              2     
    even_MAG-GUT1565.fa           1.5002e-05                0.94433                 0.02426               0.027707              0.0036897              2     
    even_MAG-GUT1565_1.fa         3.5966e-06                 0.9582                 0.02065                0.01819              0.0029565              2     
    even_MAG-GUT1565_2.fa         0.00012742                0.88926                0.053737               0.049173              0.0077048              2     
    even_MAG-GUT17288.fa           4.815e-06                0.99431              1.8357e-05              0.0051992             0.00046479              2     
    even_MAG-GUT17288_1.fa        2.0207e-06                0.99357              1.2443e-05              0.0057874             0.00063251              2     
    even_MAG-GUT17288_2.fa        1.6139e-05                0.99436              5.3202e-05              0.0050407             0.00053298              2     
    even_MAG-GUT17314.fa          5.3727e-05                0.93507                0.047649                0.01692             0.00030322              2     
    even_MAG-GUT17314_1.fa        0.00011634                0.94458                 0.03867               0.016261             0.00037332              2     
    even_MAG-GUT17314_2.fa        3.1224e-05                0.88625                0.097299                0.01611             0.00031384              2     
    even_MAG-GUT1743.fa           0.00022744             2.4952e-05                  0.9967              0.0029645             8.7657e-05              3     
    even_MAG-GUT1743_1.fa         0.00016751             1.2693e-05                 0.99618              0.0035857             5.2314e-05              3     
    even_MAG-GUT1743_2.fa         0.00061085             5.7829e-05                 0.99653              0.0025699             0.00023416              3     
    even_MAG-GUT17776.fa          2.8095e-05                0.88605                0.086597               0.026448              0.0008771              2     
    even_MAG-GUT17776_1.fa        6.4287e-05                0.92041                0.056419               0.022535             0.00056881              2     
    even_MAG-GUT17776_2.fa        1.3642e-05                0.78006                 0.19583               0.022921              0.0011721              2     
    even_MAG-GUT17782.fa          6.2838e-05                0.96053              0.00015865              0.0098026               0.029446              2     
    even_MAG-GUT17782_1.fa        3.6289e-05                0.97607              0.00012895              0.0080737               0.015692              2     
    even_MAG-GUT1871.fa           2.2946e-05                0.84663                 0.13827               0.013412              0.0016648              2     
    even_MAG-GUT1871_1.fa         6.1018e-06                0.89805                0.091741              0.0098673             0.00033512              2     
    even_MAG-GUT1871_2.fa         0.00012763                0.63198                 0.33851               0.019694              0.0096944              2     
    even_MAG-GUT1875.fa           0.00037533                0.89887                0.080548               0.019446             0.00075668              2     
    even_MAG-GUT1875_1.fa         7.0263e-05                0.86251                 0.12076               0.015935             0.00073114              2     
    even_MAG-GUT1875_2.fa           0.002414                0.87682                0.096597               0.023231             0.00093559              2     
    even_MAG-GUT1876.fa           2.7159e-05                 0.9776                0.013182              0.0090868             0.00010695              2     
    even_MAG-GUT1876_1.fa         2.5082e-05                0.97256                0.017493              0.0096509             0.00027376              2     
    even_MAG-GUT1876_2.fa         4.4376e-05                0.97421                0.017488              0.0081974             6.3157e-05              2     
    even_MAG-GUT1880.fa           3.3883e-05                0.96559                0.016115                0.01751             0.00075204              2     
    even_MAG-GUT1880_1.fa         1.0994e-05                0.97188                0.011884               0.014996              0.0012278              2     
    even_MAG-GUT1880_2.fa         0.00017826                0.94186                0.035847               0.021381             0.00073794              2     
    even_MAG-GUT1885.fa             6.83e-05                  0.975                0.011007               0.012203              0.0017173              2     
    even_MAG-GUT1885_1.fa          0.0001003                0.97601                0.012496              0.0096302              0.0017599              2     
    even_MAG-GUT1885_2.fa         9.2934e-05                 0.9576                0.020772               0.019187              0.0023471              2     
    even_MAG-GUT1887.fa           0.00036564                0.84023                 0.12272               0.031439              0.0052477              2     
    even_MAG-GUT1887_1.fa          0.0011109                0.71757                 0.21657               0.058242              0.0065119              2     
    even_MAG-GUT1887_2.fa         0.00016621                0.89562                 0.08573               0.014372              0.0041077              2     
    even_MAG-GUT1888.fa           7.3878e-05                0.95765                0.020765               0.020052              0.0014573              2     
    even_MAG-GUT1888_1.fa         8.5751e-05                0.96395                0.012961               0.019445              0.0035584              2     
    even_MAG-GUT1888_2.fa         8.3742e-05                0.91053                0.067483               0.021047             0.00085664              2     
    even_MAG-GUT1892.fa             6.83e-05                  0.975                0.011007               0.012203              0.0017173              2     
    even_MAG-GUT1892_1.fa          0.0001003                0.97601                0.012496              0.0096302              0.0017599              2     
    even_MAG-GUT1892_2.fa         9.2934e-05                 0.9576                0.020772               0.019187              0.0023471              2     
    even_MAG-GUT1895.fa           6.7804e-05                0.88194                 0.10881              0.0090996             8.2694e-05              2     
    even_MAG-GUT1895_1.fa         5.3505e-05                0.82673                  0.1659              0.0072356             7.9435e-05              2     
    even_MAG-GUT1895_2.fa         9.5926e-05                0.88261                 0.10685               0.010347             9.7221e-05              2     
    even_MAG-GUT1898.fa            0.0018887                0.86373                 0.10687               0.025553              0.0019578              2     
    even_MAG-GUT1898_1.fa         0.00018998                0.91218                0.071048               0.015309              0.0012765              2     
    even_MAG-GUT1898_2.fa           0.017968                0.73694                 0.20313               0.038557              0.0034077              2     
    even_MAG-GUT1900.fa           8.6828e-06                0.98213               0.0083973              0.0084968             0.00096968              2     
    even_MAG-GUT1900_1.fa          1.979e-06                0.98519               0.0068344              0.0074598             0.00051365              2     
    even_MAG-GUT1900_2.fa         6.6143e-05                0.95937                  0.0253               0.012406              0.0028599              2     
    even_MAG-GUT1904.fa           5.2174e-06                0.92095                0.074276              0.0047418             2.8564e-05              2     
    even_MAG-GUT1904_1.fa         1.0162e-05                  0.881                 0.11574              0.0032256             2.7125e-05              2     
    even_MAG-GUT1904_2.fa         4.0956e-06                0.92067                0.073114              0.0061804              3.384e-05              2     
    even_MAG-GUT1906.fa           1.0135e-06                0.97645               0.0083798               0.012452              0.0027127              2     
    even_MAG-GUT1906_1.fa         2.6693e-07                0.97749                0.013184              0.0083434             0.00098176              2     
    even_MAG-GUT1906_2.fa          8.246e-06                0.95633                0.012189               0.021626              0.0098489              2     
    even_MAG-GUT1908.fa           1.5588e-05                0.93341                  0.0609              0.0054483             0.00022448              2     
    even_MAG-GUT1908_1.fa         1.2641e-05                0.91183                0.082074              0.0058846             0.00020184              2     
    even_MAG-GUT1908_2.fa         2.9297e-05                0.91853                0.076222              0.0049262             0.00029659              2     
    even_MAG-GUT1911.fa             6.83e-05                  0.975                0.011007               0.012203              0.0017173              2     
    even_MAG-GUT1911_1.fa          0.0001003                0.97601                0.012496              0.0096302              0.0017599              2     
    even_MAG-GUT1911_2.fa         9.2934e-05                 0.9576                0.020772               0.019187              0.0023471              2     
    even_MAG-GUT1914.fa           6.3223e-05                0.97546                0.010911                0.01194              0.0016275              2     
    even_MAG-GUT1914_1.fa          0.0001003                0.97601                0.012496              0.0096302              0.0017599              2     
    even_MAG-GUT1914_2.fa         8.0052e-05                0.95918                 0.02041               0.018247              0.0020872              2     
    even_MAG-GUT1946.fa           0.00016773                0.93927                 0.04194                0.01785             0.00077078              2     
    even_MAG-GUT1946_1.fa         2.2593e-05                0.95854                0.028066               0.012461              0.0009058              2     
    even_MAG-GUT1946_2.fa          0.0023067                0.86164                 0.10513               0.029754              0.0011676              2     
    even_MAG-GUT1959.fa           5.1127e-05                0.91343                0.081463              0.0049452             0.00010659              2     
    even_MAG-GUT1959_1.fa         9.0112e-06                0.87947                 0.11737              0.0030615             8.8428e-05              2     
