MATLAB is selecting SOFTWARE OPENGL rendering.
[?1h=
                                                                                          < M A T L A B (R) >
                                                                                Copyright 1984-2019 The MathWorks, Inc.
                                                                            R2019b Update 5 (9.7.0.1319299) 64-bit (glnxa64)
                                                                                           February 19, 2020

 
To get started, type doc.
For product information, visit www.mathworks.com.
 
[H[2J
basePath = 

    ""


dataSetPath = 

    "/mnt/sda/DeepMicrobes-data/labeled_genome-r202/o__Coriobacteriales_split_pruned"


testSetPath = 

    "/mnt/sda/DeepMicrobes-data/labeled_genome-r202/hgr_mags/o__Coriobacteriales"

Reading sequences .... 
Starting parallel pool (parpool) using the 'local' profile ...
Starting parallel pool (parpool) using the 'local' profile ...
Starting parallel pool (parpool) using the 'local' profile ...
Starting parallel pool (parpool) using the 'local' profile ...
Starting parallel pool (parpool) using the 'local' profile ...
Generating CGRs.... 
totalSeq is: 3452
Starting parallel pool (parpool) using the 'local' profile ...
Starting parallel pool (parpool) using the 'local' profile ...
Computing disMat .... 
Starting parallel pool (parpool) using the 'local' profile ...
Performing classification .... 

minSeqLen =

     0


maxSeqLen =

     0

dataSet is:/mnt/sda/DeepMicrobes-data/labeled_genome-r202/hgr_mags/o__Coriobacteriales
Starting parallel pool (parpool) using the 'local' profile ...
Starting parallel pool (parpool) using the 'local' profile ...
Starting parallel pool (parpool) using the 'local' profile ...
numTestSeq is: 58

clusterNames =

  1x5 cell array

    {'1-f__Atopobiaceae'}    {'f__Coriobacteriaceae'}    {'f__Eggerthellaceae'}    {'f__QAMH01'}    {'f__UMGS124'}


clusterNames =

  1x5 cell array

    {'1-f__Atopobiaceae'}    {'2-f__Coriobacteriaceae'}    {'f__Eggerthellaceae'}    {'f__QAMH01'}    {'f__UMGS124'}


clusterNames =

  1x5 cell array

    {'1-f__Atopobiaceae'}    {'2-f__Coriobacteriaceae'}    {'3-f__Eggerthellaceae'}    {'f__QAMH01'}    {'f__UMGS124'}


clusterNames =

  1x5 cell array

    {'1-f__Atopobiaceae'}    {'2-f__Coriobacteriaceae'}    {'3-f__Eggerthellaceae'}    {'4-f__QAMH01'}    {'f__UMGS124'}


clusterNames =

  1x5 cell array

    {'1-f__Atopobiaceae'}    {'2-f__Coriobacteriaceae'}    {'3-f__Eggerthellaceae'}    {'4-f__QAMH01'}    {'5-f__UMGS124'}

    '1-f__Atopobiaceae'    '2-f__Coriobacteriaceae'    '3-f__Eggerthellaceae'    '4-f__QAMH01'    '5-f__UMGS124'


header =

  1x6 cell array

    {'1-f__Atopobiaceae'}    {'2-f__Coriobacteriaceae'}    {'3-f__Eggerthellaceae'}    {'4-f__QAMH01'}    {'5-f__UMGS124'}    {'prediction'}


T3 =

  58x6 table

                            1-f__Atopobiaceae    2-f__Coriobacteriaceae    3-f__Eggerthellaceae    4-f__QAMH01    5-f__UMGS124    prediction
                            _________________    ______________________    ____________________    ___________    ____________    __________

    even_MAG-GUT1016.fa          0.019553                0.025817                  0.95282          0.0017639      4.7049e-05         3     
    even_MAG-GUT10928.fa        0.0019982                 0.98955               0.00028242          0.0081493      1.5868e-05         2     
    even_MAG-GUT1389.fa        1.8017e-05               0.0012888                  0.99702          0.0016651      1.0024e-05         3     
    even_MAG-GUT15850.fa       2.9733e-05                0.012954                  0.98649         0.00051894      1.1082e-05         3     
    even_MAG-GUT15909.fa       0.00037227                 0.99555               0.00068519          0.0033686      2.0221e-05         2     
    even_MAG-GUT17247.fa          0.92918                0.066842               4.9496e-06         0.00082791       0.0031423         1     
    even_MAG-GUT18429.fa          0.99294               0.0017839               5.2235e-06          0.0044878      0.00078145         1     
    even_MAG-GUT1975.fa           0.97942                0.005786               2.5664e-05          0.0013171        0.013449         1     
    even_MAG-GUT1986.fa           0.95059              0.00078234                5.217e-06          0.0019346        0.046687         1     
    even_MAG-GUT21962.fa          0.86864                 0.12751                4.432e-05           0.002151        0.001653         1     
    even_MAG-GUT23753.fa          0.97254               0.0024419               2.7116e-05         0.00058525        0.024411         1     
    even_MAG-GUT25307.fa         0.010306                0.021692                  0.94552           0.022452      3.1435e-05         3     
    even_MAG-GUT25519.fa       1.3494e-06              0.00014397                  0.99756         0.00021982       0.0020703         3     
    even_MAG-GUT25763.fa       2.4345e-06               0.0081371                  0.99168         0.00016123      1.8251e-05         3     
    even_MAG-GUT25961.fa       1.2554e-05               0.0011062                  0.99585          0.0001945       0.0028398         3     
    even_MAG-GUT26205.fa       1.1402e-05              9.5113e-05                  0.99686         0.00066922       0.0023611         3     
    even_MAG-GUT26303.fa       3.5897e-05                0.023851                  0.97354          0.0025628      1.1763e-05         3     
    even_MAG-GUT26387.fa       4.2167e-06              0.00083719                  0.99377         0.00043851       0.0049497         3     
    even_MAG-GUT26459.fa       1.4572e-06               0.0093753                  0.98986         5.8377e-05      0.00070023         3     
    even_MAG-GUT26531.fa       0.00010292              0.00060291                  0.99382          0.0054338      3.9741e-05         3     
    even_MAG-GUT26562.fa       7.9721e-06               0.0037032                  0.99523         0.00034468      0.00071187         3     
    even_MAG-GUT29414.fa        0.0013504                 0.98768                0.0051637          0.0057897      1.4748e-05         2     
    even_MAG-GUT29494.fa       0.00082838                 0.98479                 0.003558           0.010762      6.2655e-05         2     
    even_MAG-GUT31502.fa          0.97598               0.0063153               1.8513e-05         0.00059464        0.017094         1     
    even_MAG-GUT32356.fa          0.95998               0.0024592                2.877e-05          0.0018453        0.035686         1     
    even_MAG-GUT32889.fa          0.98119               0.0018755               6.1522e-05           0.010185       0.0066826         1     
    even_MAG-GUT32902.fa          0.97418                0.018845               1.6944e-05         0.00069085       0.0062717         1     
    even_MAG-GUT33244.fa         0.013067                 0.95826                0.0015175           0.027009      0.00014544         2     
    even_MAG-GUT33557.fa        0.0011768                 0.99504               0.00062723          0.0031434       9.739e-06         2     
    even_MAG-GUT33569.fa          0.03567                 0.93899                0.0055983           0.019538       0.0002068         2     
    even_MAG-GUT34594.fa        0.0013806                 0.97579                0.0057885           0.017031      6.5882e-06         2     
    even_MAG-GUT35198.fa       0.00063591                 0.98958                0.0057721          0.0039624      5.1937e-05         2     
    even_MAG-GUT35271.fa         0.000139                 0.98701                 0.008826          0.0040116      1.3269e-05         2     
    even_MAG-GUT3531.fa         0.0015525                0.011226                  0.98372          0.0034941      5.5221e-06         3     
    even_MAG-GUT37024.fa        0.0028058                 0.99203                0.0017032          0.0034344       2.431e-05         2     
    even_MAG-GUT38263.fa       0.00091891                 0.99793                0.0004677         0.00066715      1.9057e-05         2     
    even_MAG-GUT39108.fa        0.0068605               0.0015477                  0.97795          0.0037316       0.0099064         3     
    even_MAG-GUT44688.fa        0.0048898                 0.98877                0.0013614           0.004433      0.00054114         2     
    even_MAG-GUT45090.fa       7.6887e-05                 0.10956                  0.88772          0.0026456      1.5763e-07         3     
    even_MAG-GUT5486.fa         0.0016801                 0.98948                0.0070968          0.0015439      0.00019693         2     
    even_MAG-GUT57392.fa       4.8581e-05                 0.95462                0.0012128           0.044115      6.7047e-07         2     
    even_MAG-GUT57492.fa        0.0027965                 0.98663                0.0031541          0.0068866       0.0005294         2     
    even_MAG-GUT57819.fa       1.4788e-05              0.00088142                    0.997          0.0008764        0.001231         3     
    even_MAG-GUT59296.fa        2.823e-06              0.00065368                  0.99786          0.0010918      0.00038796         3     
    even_MAG-GUT59532.fa        0.0052323                 0.97624                0.0020413           0.016439      4.4707e-05         2     
    even_MAG-GUT59561.fa        0.0013166                 0.99467               0.00021509          0.0037409      5.4619e-05         2     
    even_MAG-GUT59569.fa         0.073276                 0.89572               0.00046389           0.030474      6.7015e-05         2     
    even_MAG-GUT61666.fa         0.019585                 0.90784                 0.043361           0.026131       0.0030823         2     
    even_MAG-GUT62293.fa       7.9533e-06              0.00025998                  0.99347         0.00030782       0.0059583         3     
    even_MAG-GUT68598.fa        0.0090256                0.016144                  0.97442         0.00039364      1.3243e-05         3     
    even_MAG-GUT80819.fa        6.539e-05                0.044869                  0.95487         0.00017079      2.2801e-05         3     
    even_MAG-GUT82008.fa       0.00026962               0.0099166                  0.98693          0.0028876      4.5861e-08         3     
    even_MAG-GUT85133.fa        0.0038166                 0.96934                 0.006017           0.020125      0.00070482         2     
    even_MAG-GUT8776.fa        2.9041e-06              0.00037125                  0.99625         0.00010956       0.0032675         3     
    even_MAG-GUT89959.fa          0.99604               0.0022241               0.00091702           0.000701      0.00012007         1     
    even_MAG-GUT90583.fa          0.99741              0.00055638               0.00075868          0.0010395      0.00023614         1     
    even_MAG-GUT9228.fa        1.9074e-06               0.0012886                  0.99393          0.0001384       0.0046393         3     
    even_MAG-GUT9760.fa           0.98239                0.011414               8.1498e-06         0.00023078       0.0059522         1     


outputPath = 

    ""


outputPath = 

    "outputs-HGR-r202/test-o__Coriobacteriales_split_pruned.xlsx"

Process completed 
[?1l>