MATLAB is selecting SOFTWARE OPENGL rendering.
[?1h=
                                                                                          < M A T L A B (R) >
                                                                                Copyright 1984-2019 The MathWorks, Inc.
                                                                            R2019b Update 5 (9.7.0.1319299) 64-bit (glnxa64)
                                                                                           February 19, 2020

 
To get started, type doc.
For product information, visit www.mathworks.com.
 
[H[2J
dataSetPath =

    '/home/w328li/MLDSP/samples/o__Lactobacillales'


testSetPath =

    '/home/w328li/MLDSP/samples/hgr_mags/o__Lactobacillales'

Reading sequences .... 
Starting parallel pool (parpool) using the 'local' profile ...
Starting parallel pool (parpool) using the 'local' profile ...
Starting parallel pool (parpool) using the 'local' profile ...
Starting parallel pool (parpool) using the 'local' profile ...
Starting parallel pool (parpool) using the 'local' profile ...
Generating CGRs.... 
Computing disMat .... 
Starting parallel pool (parpool) using the 'local' profile ...
Performing classification .... 

minSeqLen =

     0


maxSeqLen =

     0

dataSet is:/home/w328li/MLDSP/samples/hgr_mags/o__Lactobacillales
numTestSeq is: 418
3
2
2
2
2
2
2
2
2
5
5
2
2
2
2
2
2
2
2
2
2
2
2
2
5
5
2
5
2
2
2
2
2
2
2
2
2
2
2
2
2
3
3
2
3
2
2
2
2
2
2
2
2
3
2
2
3
2
2
2
2
2
2
2
2
2
2
2
2
2
2
2
2
2
2
2
4
3
3
5
3
2
3
3
3
3
3
3
2
2
3
3
2
2
2
3
2
2
3
2
3
2
5
2
4
4
2
4
2
2
2
2
2
3
2
2
5
2
2
2
2
2
2
3
2
2
3
2
2
5
3
4
5
2
2
2
2
2
2
4
2
2
2
4
5
2
2
5
2
2
2
2
2
2
4
2
4
2
2
2
5
2
4
2
2
2
2
4
4
4
4
2
2
2
2
2
2
2
4
2
5
4
2
4
2
4
2
4
4
2
2
2
2
2
2
2
4
2
2
2
2
2
3
3
3
4
2
5
2
2
2
2
2
2
3
3
3
3
3
3
2
2
4
3
3
3
4
2
3
2
2
2
2
2
2
2
2
2
3
2
2
2
2
2
2
3
3
3
3
3
3
3
3
3
3
5
3
3
3
2
2
2
2
3
3
2
2
3
3
2
3
3
3
2
2
3
3
3
5
3
2
3
2
5
3
2
2
2
3
3
5
5
5
5
2
3
3
3
3
3
3
3
3
3
3
5
5
5
2
3
3
2
3
3
2
3
3
2
2
3
2
2
3
2
2
3
5
3
3
5
5
2
5
5
3
3
3
3
3
3
3
3
3
3
3
3
3
2
5
3
2
3
2
3
3
3
3
3
2
3
2
2
2
5
4
2
2
2
2
2
2
2
4
2
2
5
2
4
2
4
4
2
2
4
5
2
2
2
2
2
2
2
2
3
2
2
2
2
2
4
2
2
2
2
2
2
2
2
2
2
2
2
2
2
2
2
3
4

clusterNames =

  1x5 cell array

    {'1-f__Carnobacteriaceae'}    {'f__Enterococcaceae'}    {'f__Lactobacillaceae'}    {'f__Leuconostocaceae'}    {'f__Streptococcaceae'}


clusterNames =

  1x5 cell array

    {'1-f__Carnobacteriaceae'}    {'2-f__Enterococcaceae'}    {'f__Lactobacillaceae'}    {'f__Leuconostocaceae'}    {'f__Streptococcaceae'}


clusterNames =

  1x5 cell array

    {'1-f__Carnobacteriaceae'}    {'2-f__Enterococcaceae'}    {'3-f__Lactobacillaceae'}    {'f__Leuconostocaceae'}    {'f__Streptococcaceae'}


clusterNames =

  1x5 cell array

    {'1-f__Carnobacteriaceae'}    {'2-f__Enterococcaceae'}    {'3-f__Lactobacillaceae'}    {'4-f__Leuconostocaceae'}    {'f__Streptococcaceae'}


clusterNames =

  1x5 cell array

    {'1-f__Carnobacteriaceae'}    {'2-f__Enterococcaceae'}    {'3-f__Lactobacillaceae'}    {'4-f__Leuconostocaceae'}    {'5-f__Streptococcaceae'}

    '1-f__Carnobacteriaceae'    '2-f__Enterococcaceae'    '3-f__Lactobacillaceae'    '4-f__Leuconostocaceae'    '5-f__Streptococcaceae'


header =

  1x6 cell array

    {'1-f__Carnobacteriaceae'}    {'2-f__Enterococcaceae'}    {'3-f__Lactobacillaceae'}    {'4-f__Leuconostocaceae'}    {'5-f__Streptococcaceae'}    {'prediction'}


T3 =

  418x6 table

                            1-f__Carnobacteriaceae    2-f__Enterococcaceae    3-f__Lactobacillaceae    4-f__Leuconostocaceae    5-f__Streptococcaceae    prediction
                            ______________________    ____________________    _____________________    _____________________    _____________________    __________

    even_MAG-GUT1024.fa           2.2199e-14               2.2199e-14                 0.92723                5.087e-08                 0.072772              3     
    even_MAG-GUT1029.fa           7.4652e-13                  0.45486                 0.14928                  0.26233                  0.13353              2     
    even_MAG-GUT1036.fa           1.2279e-12                  0.43916                 0.16125                  0.31622                 0.083369              2     
    even_MAG-GUT1037.fa           1.0318e-12                  0.44374                 0.13061                   0.2838                  0.14184              2     
    even_MAG-GUT1047.fa           1.0318e-12                  0.44374                 0.13061                   0.2838                  0.14184              2     
    even_MAG-GUT1052.fa           1.0625e-12                  0.44666                 0.15904                  0.28455                  0.10975              2     
    even_MAG-GUT1055.fa            1.324e-12                  0.45095                 0.11831                   0.2615                  0.16924              2     
    even_MAG-GUT1062.fa           8.8595e-13                  0.44868                 0.18437                  0.30776                 0.059196              2     
    even_MAG-GUT1077.fa           1.0742e-12                  0.47138                 0.20303                  0.15987                  0.16572              2     
    even_MAG-GUT1082.fa           2.2199e-14               2.2199e-14              0.00094815                0.0096864                  0.98937              5     
    even_MAG-GUT1086.fa           2.6629e-14               2.6629e-14               0.0050925                 0.019051                  0.97586              5     
    even_MAG-GUT1088.fa           9.2235e-13                  0.46356                 0.17514                   0.2289                   0.1324              2     
    even_MAG-GUT1103.fa           1.5668e-12                  0.44768                 0.14876                  0.27609                  0.12747              2     
    even_MAG-GUT1160.fa           7.4003e-13                  0.45535                 0.23916                  0.21805                 0.087437              2     
    even_MAG-GUT1169.fa           1.0221e-12                  0.46773                 0.16167                  0.20712                  0.16348              2     
    even_MAG-GUT1171.fa           5.5871e-13                  0.44027                 0.18465                  0.32637                 0.048718              2     
    even_MAG-GUT1173.fa            9.385e-13                  0.45805                 0.19156                  0.27547                  0.07492              2     
    even_MAG-GUT1177.fa           1.2421e-12                  0.46294                 0.16344                   0.2446                  0.12902              2     
    even_MAG-GUT1196.fa           9.3015e-13                  0.46877                 0.21938                  0.28635                 0.025502              2     
    even_MAG-GUT1197.fa            8.917e-13                  0.45144                 0.17153                  0.27511                  0.10192              2     
    even_MAG-GUT1228.fa            8.917e-13                  0.45144                 0.17153                  0.27511                  0.10192              2     
    even_MAG-GUT1236.fa           1.1866e-12                  0.45119                 0.10716                  0.27852                  0.16313              2     
    even_MAG-GUT1242.fa           8.7691e-13                  0.45844                 0.19267                  0.21534                  0.13355              2     
    even_MAG-GUT1244.fa           8.9402e-13                  0.45576                 0.19755                  0.27587                 0.070824              2     
    even_MAG-GUT1246.fa           2.2199e-14               2.2199e-14               0.0013064                 0.016017                  0.98268              5     
    even_MAG-GUT1252.fa             2.22e-14                 2.22e-14               0.0050859                  0.01475                  0.98016              5     
    even_MAG-GUT1255.fa           8.9402e-13                  0.45576                 0.19755                  0.27587                 0.070824              2     
    even_MAG-GUT1263.fa             2.22e-14                 2.22e-14               0.0012707                 0.015744                  0.98299              5     
    even_MAG-GUT1266.fa           2.2199e-14                  0.98347                0.001492                 0.013043                0.0019943              2     
    even_MAG-GUT1270.fa           2.2189e-14                  0.97367              0.00011126               0.00073582                 0.025482              2     
    even_MAG-GUT1276.fa           2.2193e-14                  0.98241               0.0002428               0.00047886                 0.016865              2     
    even_MAG-GUT1288.fa           2.2194e-14                  0.98223               0.0001136               0.00016137                 0.017498              2     
    even_MAG-GUT1297.fa           2.2186e-14                  0.96596              0.00041268                0.0012315                 0.032395              2     
    even_MAG-GUT1315.fa           7.9318e-12                  0.47725                 0.31391               0.00094812                  0.20789              2     
    even_MAG-GUT1318.fa           1.0714e-12                  0.44388                 0.17191                  0.30986                 0.074344              2     
    even_MAG-GUT1319.fa           1.0119e-12                  0.44107                 0.15861                  0.31477                 0.085547              2     
    even_MAG-GUT1328.fa           1.2421e-12                  0.46294                 0.16344                   0.2446                  0.12902              2     
    even_MAG-GUT1336.fa           2.2194e-14                  0.97816                0.002045               1.8919e-06                 0.019793              2     
    even_MAG-GUT1362.fa           1.1097e-12                  0.45182                0.088625                  0.28671                  0.17285              2     
    even_MAG-GUT1368.fa           7.7835e-13                  0.45324                 0.14692                  0.24472                  0.15513              2     
    even_MAG-GUT1370.fa           1.5615e-12                  0.48818                 0.21622                0.0015141                  0.29409              2     
    even_MAG-GUT1377.fa           2.2199e-14               2.2199e-14                 0.95603               1.1159e-07                 0.043969              3     
    even_MAG-GUT1384.fa           2.2199e-14               2.2199e-14                 0.93465               8.9428e-08                 0.065354              3     
    even_MAG-GUT1391.fa           2.2183e-14                  0.95237              0.00027973               4.2591e-05                 0.047307              2     
    even_MAG-GUT1393.fa              0.18772                  0.18772                 0.24824                  0.18773                  0.18859              3     
    even_MAG-GUT1396.fa           8.8749e-13                  0.45608                 0.18521                  0.19334                  0.16537              2     
    even_MAG-GUT1457.fa           2.2202e-14                  0.99299               0.0046048               7.6805e-07                0.0023999              2     
    even_MAG-GUT1477.fa           1.2577e-12                  0.45279                 0.13105                  0.27636                   0.1398              2     
    even_MAG-GUT1479.fa           1.1939e-12                  0.48828                 0.27657               0.00016258                  0.23499              2     
    even_MAG-GUT1498.fa           1.0104e-12                  0.45156                 0.18756                  0.24773                  0.11315              2     
    even_MAG-GUT1511.fa            1.149e-12                    0.448                 0.15518                  0.27715                  0.11966              2     
    even_MAG-GUT1522.fa           9.6239e-13                  0.44007                 0.13587                  0.32304                  0.10102              2     
    even_MAG-GUT1541.fa           1.8231e-12                   0.4944                 0.22407                0.0001937                  0.28134              2     
    even_MAG-GUT15546.fa              0.1672                   0.1672                 0.31065                  0.16721                  0.18774              3     
    even_MAG-GUT1565.fa            1.149e-12                    0.448                 0.15518                  0.27715                  0.11966              2     
    even_MAG-GUT17314.fa          1.0895e-12                  0.46054                 0.17035                  0.26282                  0.10629              2     
    even_MAG-GUT1743.fa           8.6207e-14               8.6207e-14                  0.9868                 0.012343               0.00085249              3     
    even_MAG-GUT17776.fa           7.441e-13                  0.45438                 0.21589                  0.23607                 0.093669              2     
    even_MAG-GUT1871.fa           6.9202e-13                    0.442                 0.10567                   0.3466                  0.10573              2     
    even_MAG-GUT1875.fa           1.1263e-12                  0.44977                 0.13755                  0.28519                  0.12749              2     
    even_MAG-GUT1876.fa           1.3804e-12                  0.44768                 0.16104                  0.28904                  0.10224              2     
    even_MAG-GUT1880.fa           1.4299e-12                  0.46524                 0.16035                  0.20645                  0.16796              2     
    even_MAG-GUT1885.fa           1.2524e-12                  0.46323                 0.12955                  0.24357                  0.16366              2     
    even_MAG-GUT1887.fa           7.1236e-13                  0.44749                 0.17659                  0.24431                  0.13162              2     
    even_MAG-GUT1888.fa           1.2914e-12                  0.44902                  0.1572                  0.26238                   0.1314              2     
    even_MAG-GUT1892.fa           1.2524e-12                  0.46323                 0.12955                  0.24357                  0.16366              2     
    even_MAG-GUT1895.fa           1.1413e-12                  0.45501                 0.18598                  0.28576                 0.073241              2     
    even_MAG-GUT1898.fa           7.0787e-13                  0.45514                 0.17196                  0.27113                  0.10177              2     
    even_MAG-GUT1900.fa           1.2285e-12                  0.46438                 0.12295                  0.25184                  0.16083              2     
    even_MAG-GUT1904.fa           1.0904e-12                  0.45237                 0.18877                   0.3186                  0.04026              2     
    even_MAG-GUT1906.fa           1.2446e-12                  0.45014                 0.12086                  0.27031                   0.1587              2     
    even_MAG-GUT1908.fa           7.6825e-13                  0.44075                 0.16516                  0.31817                 0.075927              2     
    even_MAG-GUT1911.fa           1.2524e-12                  0.46323                 0.12955                  0.24357                  0.16366              2     
    even_MAG-GUT1914.fa           1.2477e-12                  0.46448                  0.1262                  0.24887                  0.16045              2     
    even_MAG-GUT1946.fa           1.0047e-12                  0.45584                 0.18007                  0.26293                  0.10116              2     
    even_MAG-GUT1959.fa           1.1294e-12                  0.44249                 0.18383                  0.29736                 0.076316              2     
    even_MAG-GUT2025.fa              0.18408                  0.18408                 0.19129                  0.24954                  0.19101              4     
    even_MAG-GUT2256.fa           2.2198e-14               2.2198e-14                 0.99733                0.0026201               4.7133e-05              3     
    even_MAG-GUT22606.fa          5.9002e-11               5.9002e-11                 0.46827                  0.12866                  0.40307              3     
    even_MAG-GUT2306.fa           1.5455e-12               1.5455e-12                 0.10494                 0.004146                  0.89092              5     
    even_MAG-GUT2366.fa           2.2204e-14               2.2204e-14                 0.99984               0.00015973               7.7119e-12              3     
    even_MAG-GUT26238.fa          6.6449e-11                  0.47261                 0.36616               0.00072352                  0.16051              2     
    even_MAG-GUT26973.fa             0.17179                  0.17179                  0.3111                  0.17179                  0.17353              3     
    even_MAG-GUT27437.fa          2.2198e-14               2.2198e-14                 0.99462                0.0053802                1.368e-06              3     
    even_MAG-GUT27453.fa          2.2198e-14               2.2198e-14                 0.99674                0.0032646               9.4121e-08              3     
    even_MAG-GUT28570.fa          1.7196e-12               1.7196e-12                 0.65725                 0.074925                  0.26783              3     
    even_MAG-GUT30639.fa          2.2204e-14               2.2204e-14                       1               7.8457e-12               9.5146e-11              3     
    even_MAG-GUT31303.fa          2.2546e-14               2.2546e-14                 0.99633                0.0029292               0.00074161              3     
    even_MAG-GUT3231.fa           9.7577e-13                  0.46876                 0.17712                  0.23054                  0.12358              2     
    even_MAG-GUT3233.fa           1.2762e-12                  0.45899                 0.20707                  0.19632                  0.13762              2     
    even_MAG-GUT32654.fa          2.2198e-14               2.2198e-14                 0.98411                 0.015875               1.6201e-05              3     
    even_MAG-GUT34245.fa          2.2201e-14               2.2201e-14                 0.98628                 0.010693                0.0030263              3     
    even_MAG-GUT3477.fa           9.8581e-13                  0.46746                 0.12612                  0.19722                  0.20919              2     
    even_MAG-GUT3479.fa           1.4249e-12                   0.4709                  0.1291                  0.16338                  0.23662              2     
    even_MAG-GUT3484.fa           5.9535e-13                  0.43403                 0.13775                 0.073629                  0.35459              2     
    even_MAG-GUT3493.fa           1.6472e-11               1.6472e-11                 0.42062                  0.19599                  0.38339              3     
    even_MAG-GUT3499.fa           1.1786e-12                  0.44111                0.076483                 0.082658                  0.39975              2     
    even_MAG-GUT3508.fa           1.4073e-12                  0.44734                0.065786                  0.07025                  0.41662              2     
    even_MAG-GUT3553.fa              0.17665                  0.17665                 0.25885                  0.17771                  0.21014              3     
    even_MAG-GUT3561.fa           1.4562e-12                  0.45973                 0.24854                  0.21638                 0.075349              2     
    even_MAG-GUT36009.fa          2.2199e-14               2.2199e-14                 0.97811               4.5603e-07                 0.021886              3     
    even_MAG-GUT41.fa             6.9034e-13                   0.4438                  0.1796                  0.29807                 0.078526              2     
    even_MAG-GUT42689.fa           3.953e-14                3.953e-14               0.0074854                0.0059324                  0.98658              5     
    even_MAG-GUT43425.fa          1.5917e-12                  0.43789                 0.10509                  0.31354                  0.14349              2     
    even_MAG-GUT43446.fa           7.509e-12                7.509e-12                 0.36661                  0.57158                 0.061811              4     
    even_MAG-GUT43457.fa             0.17661                  0.17661                 0.18326                  0.28373                  0.17979              4     
    even_MAG-GUT43462.fa          1.2098e-12                   0.4667                 0.19263                  0.25115                 0.089527              2     
    even_MAG-GUT43463.fa          7.1395e-12               7.1395e-12                 0.32084                  0.47581                  0.20336              4     
    even_MAG-GUT43483.fa          3.5063e-13                  0.43794                 0.14296                  0.39472                 0.024378              2     
    even_MAG-GUT43573.fa          7.9889e-13                  0.46025                  0.2098                  0.24108                 0.088875              2     
    even_MAG-GUT43577.fa          1.1056e-12                  0.44557                 0.14715                  0.27776                  0.12952              2     
    even_MAG-GUT43620.fa          9.4452e-13                  0.46171                 0.15067                  0.18473                   0.2029              2     
    even_MAG-GUT43751.fa          1.2217e-12                  0.46003                 0.20235                  0.22276                  0.11487              2     
    even_MAG-GUT43936.fa           2.224e-14                2.224e-14                  0.9978                0.0014068               0.00079282              3     
    even_MAG-GUT43943.fa           5.615e-13                  0.43988                 0.13738                  0.38109                 0.041652              2     
    even_MAG-GUT44002.fa          5.3342e-12                  0.48141                 0.31154               0.00016358                  0.20689              2     
    even_MAG-GUT44104.fa          2.7641e-14               2.7641e-14               0.0028137                0.0027262                  0.99446              5     
    even_MAG-GUT44177.fa           1.047e-12                  0.45324                 0.16582                  0.25168                  0.12926              2     
    even_MAG-GUT44539.fa          1.0246e-12                  0.47043                 0.13867                  0.22253                  0.16837              2     
    even_MAG-GUT44544.fa          1.4753e-12                  0.44736                 0.18019                  0.27719                 0.095265              2     
    even_MAG-GUT44617.fa          1.2666e-12                  0.45686                  0.1969                  0.27212                 0.074122              2     
    even_MAG-GUT44666.fa          5.3342e-12                  0.48141                 0.31154               0.00016358                  0.20689              2     
    even_MAG-GUT45882.fa          1.3935e-12                  0.45696                 0.26691                  0.17302                   0.1031              2     
    even_MAG-GUT46265.fa          2.2199e-14               2.2199e-14                 0.97561               3.3022e-07                  0.02439              3     
    even_MAG-GUT46437.fa          1.3855e-12                   0.4498                 0.15755                  0.29315                 0.099497              2     
    even_MAG-GUT46441.fa          8.6001e-13                  0.45703                 0.17319                  0.22469                  0.14508              2     
    even_MAG-GUT46496.fa          2.2199e-14               2.2199e-14                 0.97477               4.9485e-08                 0.025233              3     
    even_MAG-GUT46868.fa          1.0361e-12                  0.45604                 0.17307                  0.25989                    0.111              2     
    even_MAG-GUT46962.fa          8.0799e-13                  0.44481                 0.18301                  0.31383                 0.058345              2     
    even_MAG-GUT47063.fa          2.2236e-14               2.2236e-14               0.0042424                0.0023081                  0.99345              5     
    even_MAG-GUT47179.fa          9.1871e-14               9.1871e-14                 0.89713                  0.10205                0.0008263              3     
    even_MAG-GUT47531.fa               0.178                    0.178                 0.18659                   0.2755                  0.18191              4     
    even_MAG-GUT47559.fa            2.22e-14                 2.22e-14               0.0061733                 0.011503                  0.98232              5     
    even_MAG-GUT48488.fa          1.3634e-12                  0.46937                 0.24329                  0.16121                  0.12613              2     
    even_MAG-GUT48498.fa          1.2595e-12                  0.45722                 0.19094                  0.14598                  0.20585              2     
    even_MAG-GUT48566.fa          1.0439e-12                  0.44997                  0.1831                  0.28836                 0.078561              2     
    even_MAG-GUT48585.fa          7.9327e-13                  0.45324                 0.17082                  0.23649                  0.13945              2     
    even_MAG-GUT48612.fa          1.5308e-12                    0.443                 0.15679                  0.29897                  0.10124              2     
    even_MAG-GUT48629.fa          2.2204e-14                  0.99106               0.0051066               1.1345e-06                0.0038367              2     
    even_MAG-GUT48673.fa             0.17486                  0.17486                 0.19319                  0.28038                   0.1767              4     
    even_MAG-GUT48682.fa          4.0925e-12                  0.48053                 0.30801               0.00064814                  0.21081              2     
    even_MAG-GUT48686.fa          8.3716e-13                  0.44219                 0.13316                  0.31244                  0.11221              2     
    even_MAG-GUT48704.fa          5.6111e-13                  0.44088                  0.1326                   0.3398                 0.086721              2     
    even_MAG-GUT48723.fa             0.17843                  0.17843                 0.19993                  0.26287                  0.18033              4     
    even_MAG-GUT48735.fa            2.22e-14                 2.22e-14               0.0042813                0.0015025                  0.99422              5     
    even_MAG-GUT48749.fa          4.3729e-13                  0.44104                 0.16739                  0.33885                 0.052722              2     
    even_MAG-GUT48754.fa          1.0959e-12                  0.45658                 0.16682                  0.25195                  0.12465              2     
    even_MAG-GUT48761.fa             0.18746                  0.18746                 0.20236                  0.19715                  0.22556              5     
    even_MAG-GUT48798.fa          1.0413e-12                  0.44857                  0.1725                  0.28867                 0.090265              2     
    even_MAG-GUT48804.fa          1.0236e-12                  0.44533                 0.10965                  0.28701                  0.15801              2     
    even_MAG-GUT48829.fa          8.3401e-13                  0.45413                 0.16651                  0.15659                  0.22276              2     
    even_MAG-GUT48834.fa          1.3761e-12                  0.44796                 0.16465                  0.28933                 0.098059              2     
    even_MAG-GUT48887.fa          2.4437e-12                  0.49241                 0.28503               0.00012698                  0.22243              2     
    even_MAG-GUT48894.fa          5.1349e-13                  0.44025                 0.11002                  0.30514                  0.14459              2     
    even_MAG-GUT48968.fa              0.1948                   0.1948                 0.20574                  0.20706                  0.19759              4     
    even_MAG-GUT48971.fa          1.2749e-12                  0.46613                  0.1009                  0.19666                  0.23631              2     
    even_MAG-GUT48976.fa          3.3765e-12               3.3765e-12                 0.23836                   0.5371                  0.22454              4     
    even_MAG-GUT49002.fa          2.2193e-14                  0.98269              0.00073092               1.7182e-06                 0.016581              2     
    even_MAG-GUT49004.fa          1.2391e-12                   0.4465                  0.1725                  0.29697                 0.084029              2     
    even_MAG-GUT49015.fa           1.087e-12                  0.44711                 0.18948                  0.27504                 0.088371              2     
    even_MAG-GUT49051.fa          2.2199e-14               2.2199e-14               0.0023329                0.0021245                  0.99554              5     
    even_MAG-GUT49063.fa          7.3756e-13                  0.43814                 0.10843                  0.36659                 0.086838              2     
    even_MAG-GUT49069.fa             0.18968                  0.18968                 0.20118                  0.22523                  0.19423              4     
    even_MAG-GUT49070.fa          8.6125e-13                  0.44371                0.098842                  0.31003                  0.14742              2     
    even_MAG-GUT49075.fa          9.9678e-13                  0.46851                 0.22189                  0.17618                  0.13342              2     
    even_MAG-GUT49083.fa          1.0127e-12                  0.44066                 0.14714                   0.3488                 0.063394              2     
    even_MAG-GUT49101.fa          9.7105e-13                  0.44907                 0.18607                  0.29532                 0.069541              2     
    even_MAG-GUT49118.fa          2.2024e-12               2.2024e-12                 0.28234                  0.53973                  0.17792              4     
    even_MAG-GUT49170.fa           3.067e-13                  0.42534                0.067796                  0.46993                 0.036938              4     
    even_MAG-GUT49176.fa          6.2242e-12               6.2242e-12                 0.34062                  0.47154                  0.18784              4     
    even_MAG-GUT49226.fa             0.16925                  0.16925                 0.18468                  0.30459                  0.17222              4     
    even_MAG-GUT49236.fa          1.0496e-12                  0.45909                 0.16999                  0.26595                  0.10498              2     
    even_MAG-GUT49289.fa          1.4652e-12                  0.44688                  0.1673                   0.2798                  0.10603              2     
    even_MAG-GUT49297.fa          1.0426e-12                   0.4438                 0.16306                  0.28024                  0.11291              2     
    even_MAG-GUT49302.fa          1.0784e-12                  0.44749                 0.18247                  0.27914                 0.090898              2     
    even_MAG-GUT49315.fa          1.5565e-12                  0.43943                 0.13394                  0.29186                  0.13477              2     
    even_MAG-GUT49326.fa           7.109e-13                  0.45037                 0.14694                  0.25977                  0.14292              2     
    even_MAG-GUT49329.fa          1.5565e-12                  0.43943                 0.13394                  0.29186                  0.13477              2     
    even_MAG-GUT49356.fa             0.19072                  0.19072                 0.20425                  0.21395                  0.20038              4     
    even_MAG-GUT49359.fa          6.2747e-13                  0.43686                 0.12085                  0.39566                 0.046629              2     
    even_MAG-GUT49384.fa          2.2205e-14               2.2205e-14               0.0099493                 0.017862                  0.97219              5     
    even_MAG-GUT49393.fa             0.17658                  0.17658                 0.19529                  0.27316                  0.17838              4     
    even_MAG-GUT49403.fa          1.5698e-12                  0.44637                 0.15552                  0.27258                  0.12553              2     
    even_MAG-GUT49409.fa             0.18178                  0.18178                 0.19817                  0.25376                  0.18451              4     
    even_MAG-GUT49456.fa          5.6134e-13                  0.45672                 0.19019                  0.25074                  0.10235              2     
    even_MAG-GUT49458.fa          4.2787e-13                  0.43326                0.084554                  0.44032                 0.041867              4     
    even_MAG-GUT49469.fa          1.3421e-12                  0.46132                  0.1464                  0.20405                  0.18823              2     
    even_MAG-GUT49499.fa          7.8962e-13               7.8962e-13                 0.21409                  0.57379                  0.21212              4     
    even_MAG-GUT49512.fa          5.8661e-12               5.8661e-12                 0.30306                  0.51225                   0.1847              4     
    even_MAG-GUT49529.fa          1.5791e-12                  0.46326                 0.10618                  0.26428                  0.16629              2     
    even_MAG-GUT49535.fa          9.2067e-13                  0.44938                 0.18824                   0.3025                 0.059883              2     
    even_MAG-GUT49539.fa          1.5565e-12                  0.43943                 0.13394                  0.29186                  0.13477              2     
    even_MAG-GUT49541.fa           1.054e-12                  0.45906                 0.12036                  0.26829                   0.1523              2     
    even_MAG-GUT49567.fa          2.2187e-14                  0.96907               0.0005273               1.5465e-05                 0.030383              2     
    even_MAG-GUT49574.fa          3.7226e-13                  0.43583                 0.14895                  0.37088                 0.044333              2     
    even_MAG-GUT49593.fa          1.0248e-12                  0.43708                 0.11813                  0.30715                  0.13764              2     
    even_MAG-GUT49599.fa          4.0975e-12               4.0975e-12                 0.29421                  0.52705                  0.17875              4     
    even_MAG-GUT49609.fa          1.0444e-12                  0.47152                 0.16185                  0.22121                  0.14542              2     
    even_MAG-GUT49616.fa          1.0211e-12                  0.44165                 0.16231                  0.31396                 0.082089              2     
    even_MAG-GUT51.fa              2.219e-14                  0.97633              0.00070306               9.2143e-05                 0.022877              2     
    even_MAG-GUT57264.fa          8.3961e-13                  0.43659                 0.12622                  0.29833                  0.13886              2     
    even_MAG-GUT57442.fa          6.8748e-13                  0.45564                 0.18596                  0.27405                 0.084346              2     
    even_MAG-GUT59278.fa          2.2199e-14               2.2199e-14                 0.99752                0.0023596               0.00011862              3     
    even_MAG-GUT60365.fa          2.2199e-14               2.2199e-14                 0.95565                 0.044282                7.199e-05              3     
    even_MAG-GUT61176.fa          7.8294e-14               7.8294e-14                 0.98115                 0.018161               0.00069406              3     
    even_MAG-GUT61880.fa          9.8716e-13               9.8716e-13                 0.13471                  0.76207                  0.10322              4     
    even_MAG-GUT6222.fa           7.2993e-13                  0.44926                 0.13623                  0.24624                  0.16827              2     
    even_MAG-GUT6224.fa             2.22e-14                 2.22e-14                0.009918                0.0075355                  0.98255              5     
    even_MAG-GUT6229.fa           1.3064e-12                  0.46191                 0.22454                  0.17411                  0.13944              2     
    even_MAG-GUT6233.fa           1.1877e-12                  0.44366                 0.13185                   0.3017                  0.12278              2     
    even_MAG-GUT6238.fa           8.1922e-13                  0.45502                 0.19828                   0.2879                 0.058803              2     
    even_MAG-GUT6241.fa           9.7212e-13                  0.44648                 0.17058                   0.2942                  0.08873              2     
    even_MAG-GUT6274.fa           1.3064e-12                  0.46191                 0.22454                  0.17411                  0.13944              2     
    even_MAG-GUT6291.fa           1.1614e-12                  0.43947                  0.1337                  0.32814                 0.098691              2     
    even_MAG-GUT62924.fa          2.2202e-14               2.2202e-14                 0.99546                0.0042278               0.00030754              3     
    even_MAG-GUT62939.fa          2.2214e-14               2.2214e-14                 0.99871               0.00023803                0.0010511              3     
    even_MAG-GUT63100.fa          2.2206e-14               2.2206e-14                 0.99707               0.00081896                0.0021125              3     
    even_MAG-GUT63356.fa          2.2238e-14               2.2238e-14                 0.99753                0.0014382                0.0010347              3     
    even_MAG-GUT63462.fa          2.7328e-14               2.7328e-14                 0.99225                0.0066845                0.0010685              3     
    even_MAG-GUT63569.fa          3.9005e-14               3.9005e-14                 0.99252                0.0042324                0.0032497              3     
