MATLAB is selecting SOFTWARE OPENGL rendering.
[?1h=
                            < M A T L A B (R) >
                  Copyright 1984-2019 The MathWorks, Inc.
              R2019b Update 5 (9.7.0.1319299) 64-bit (glnxa64)
                             February 19, 2020

 
To get started, type doc.
For product information, visit www.mathworks.com.
 
[H[2J
dataSetPath =

    '/home/w328li/MLDSP/samples/f__Coriobacteriaceae'


testSetPath =

    '/home/w328li/MLDSP/samples/hgr_mags/f__Coriobacteriaceae'

Reading sequences .... 
Starting parallel pool (parpool) using the 'local' profile ...
Starting parallel pool (parpool) using the 'local' profile ...
Starting parallel pool (parpool) using the 'local' profile ...
Starting parallel pool (parpool) using the 'local' profile ...
Starting parallel pool (parpool) using the 'local' profile ...
Starting parallel pool (parpool) using the 'local' profile ...
Starting parallel pool (parpool) using the 'local' profile ...
Generating CGRs.... 
Computing disMat .... 
Starting parallel pool (parpool) using the 'local' profile ...
Performing classification .... 

minSeqLen =

     0


maxSeqLen =

     0

dataSet is:/home/w328li/MLDSP/samples/hgr_mags/f__Coriobacteriaceae
numTestSeq is: 69
5
3
3
3
5
5
3
6
6
6
6
6
6
7
7
7
5
7
7
5
7
3
3
3
6
6
6
3
3
6
6
3
3
3
3
3
3
5
6
3
3
3
3
3
3
5
3
3
3
3
3
7
3
3
7
3
3
3
3
7
5
5
5
3
7
6
6
7
6

clusterNames =

  1x7 cell array

  Columns 1 through 3

    {'1-g__Adlercreu...'}    {'g__Atopobium'}    {'g__Collinsella'}

  Columns 4 through 6

    {'g__Cryptobacte...'}    {'g__Eggerthella'}    {'g__Olsenella'}

  Column 7

    {'g__Slackia'}


clusterNames =

  1x7 cell array

  Columns 1 through 3

    {'1-g__Adlercreu...'}    {'2-g__Atopobium'}    {'g__Collinsella'}

  Columns 4 through 6

    {'g__Cryptobacte...'}    {'g__Eggerthella'}    {'g__Olsenella'}

  Column 7

    {'g__Slackia'}


clusterNames =

  1x7 cell array

  Columns 1 through 3

    {'1-g__Adlercreu...'}    {'2-g__Atopobium'}    {'3-g__Collinsella'}

  Columns 4 through 6

    {'g__Cryptobacte...'}    {'g__Eggerthella'}    {'g__Olsenella'}

  Column 7

    {'g__Slackia'}


clusterNames =

  1x7 cell array

  Columns 1 through 3

    {'1-g__Adlercreu...'}    {'2-g__Atopobium'}    {'3-g__Collinsella'}

  Columns 4 through 6

    {'4-g__Cryptobac...'}    {'g__Eggerthella'}    {'g__Olsenella'}

  Column 7

    {'g__Slackia'}


clusterNames =

  1x7 cell array

  Columns 1 through 3

    {'1-g__Adlercreu...'}    {'2-g__Atopobium'}    {'3-g__Collinsella'}

  Columns 4 through 6

    {'4-g__Cryptobac...'}    {'5-g__Eggerthella'}    {'g__Olsenella'}

  Column 7

    {'g__Slackia'}


clusterNames =

  1x7 cell array

  Columns 1 through 3

    {'1-g__Adlercreu...'}    {'2-g__Atopobium'}    {'3-g__Collinsella'}

  Columns 4 through 6

    {'4-g__Cryptobac...'}    {'5-g__Eggerthella'}    {'6-g__Olsenella'}

  Column 7

    {'g__Slackia'}


clusterNames =

  1x7 cell array

  Columns 1 through 3

    {'1-g__Adlercreu...'}    {'2-g__Atopobium'}    {'3-g__Collinsella'}

  Columns 4 through 6

    {'4-g__Cryptobac...'}    {'5-g__Eggerthella'}    {'6-g__Olsenella'}

  Column 7

    {'7-g__Slackia'}

  Columns 1 through 3

    '1-g__Adlercreutzia'    '2-g__Atopobium'    '3-g__Collinsella'

  Columns 4 through 6

    '4-g__Cryptobacte...'    '5-g__Eggerthella'    '6-g__Olsenella'

  Column 7

    '7-g__Slackia'


header =

  1x8 cell array

  Columns 1 through 3

    {'1-g__Adlercreu...'}    {'2-g__Atopobium'}    {'3-g__Collinsella'}

  Columns 4 through 6

    {'4-g__Cryptobac...'}    {'5-g__Eggerthella'}    {'6-g__Olsenella'}

  Columns 7 through 8

    {'7-g__Slackia'}    {'prediction'}


T3 =

  69x8 table

                            1-g__Adlercreutzia    2-g__Atopobium    3-g__Collinsella    4-g__Cryptobacterium    5-g__Eggerthella    6-g__Olsenella    7-g__Slackia    prediction
                            __________________    ______________    ________________    ____________________    ________________    ______________    ____________    __________

    even_MAG-GUT1016.fa         4.2468e-12           0.0023116           0.044273            7.4633e-12               0.84627            0.10715       4.2468e-12         5     
    even_MAG-GUT10928.fa        2.2201e-14          9.4386e-06            0.99722            8.1645e-08             0.0020016         0.00076534       2.2201e-14         3     
    even_MAG-GUT12393.fa        3.9905e-13           0.0043875            0.74696            1.5592e-07              0.078611            0.17004       3.9905e-13         3     
    even_MAG-GUT12691.fa         5.824e-13             0.10873            0.45623            2.2159e-09               0.13656            0.29848        5.824e-13         3     
    even_MAG-GUT1389.fa         3.1585e-11            0.083724            0.20905             3.368e-07               0.47031            0.23692       3.1585e-11         5     
    even_MAG-GUT15850.fa        6.6748e-11             0.11017            0.26218            3.2196e-07               0.42241            0.20524       6.6748e-11         5     
    even_MAG-GUT15909.fa          2.22e-14          3.7653e-06            0.99648            1.8323e-07             0.0028466         0.00067098         2.22e-14         3     
    even_MAG-GUT17247.fa        2.2185e-14           0.0001518            0.12509            8.0314e-09            0.00031129            0.87445       2.2185e-14         6     
    even_MAG-GUT18429.fa         2.219e-14          0.00014554           0.053042              3.83e-09            0.00016037            0.94665        2.219e-14         6     
    even_MAG-GUT1975.fa         2.2194e-14          9.5005e-05           0.040325            1.0102e-08            0.00019412            0.95939       2.2194e-14         6     
    even_MAG-GUT1986.fa         2.2188e-14          8.6813e-05           0.076495             3.629e-09            0.00017004            0.92325       2.2188e-14         6     
    even_MAG-GUT21962.fa        2.2195e-14          0.00036901             0.1603            2.6245e-08             0.0010124            0.83832       2.2195e-14         6     
    even_MAG-GUT23753.fa        2.2194e-14          0.00011491           0.039601            3.8163e-09            0.00019278            0.96009       2.2194e-14         6     
    even_MAG-GUT25763.fa        2.2202e-14           1.339e-05          0.0046302            1.2371e-08              0.012832         0.00039229          0.98213         7     
    even_MAG-GUT25961.fa          2.22e-14          1.6962e-06         0.00078001            2.9038e-09             0.0088682         0.00045515          0.98989         7     
    even_MAG-GUT26205.fa        2.2199e-14          1.6817e-06         0.00031301            1.6328e-10              0.010907         0.00093369          0.98784         7     
    even_MAG-GUT26303.fa           0.13042             0.13048            0.13884               0.13042               0.20872            0.13069          0.13042         5     
    even_MAG-GUT26387.fa        2.2202e-14          2.6213e-06           0.001943            2.3282e-09             0.0065554         0.00047364          0.99103         7     
    even_MAG-GUT26459.fa        2.2198e-14          1.1974e-06         4.2433e-05            3.0508e-10              0.014414         7.7573e-05          0.98546         7     
    even_MAG-GUT26531.fa           0.12986             0.12996            0.13025               0.12986               0.21837            0.13185          0.12986         5     
    even_MAG-GUT26562.fa        2.2203e-14          3.9966e-06          0.0038741             3.129e-09             0.0045088         0.00044087          0.99117         7     
    even_MAG-GUT2660.fa         1.1044e-12            0.040055            0.48137            2.9224e-08               0.12085            0.35773       1.1044e-12         3     
    even_MAG-GUT29414.fa        9.1328e-14          9.0091e-05            0.97921            1.3589e-07             0.0067326            0.01397       9.1328e-14         3     
    even_MAG-GUT29494.fa        2.2203e-14          4.6334e-06            0.99536            1.6633e-07             0.0029887          0.0016479       2.2203e-14         3     
    even_MAG-GUT30102.fa        1.7943e-12              0.1733            0.33506            3.6017e-07               0.15528            0.33636       1.7943e-12         6     
    even_MAG-GUT31502.fa        2.2189e-14          0.00023529           0.061084            4.9331e-09            8.2784e-05             0.9386       2.2189e-14         6     
    even_MAG-GUT32356.fa        2.2196e-14          0.00029201           0.024313            9.6962e-09            0.00073901            0.97466       2.2196e-14         6     
    even_MAG-GUT32509.fa        1.4982e-12            0.038751            0.48432            4.1741e-07                0.1369            0.34003       1.4982e-12         3     
    even_MAG-GUT32879.fa        9.5666e-14           0.0055282            0.57532            2.2023e-09              0.018543            0.40061       9.5666e-14         3     
    even_MAG-GUT32889.fa        2.2195e-14          0.00017155           0.043224            1.3046e-08            0.00079216            0.95581       2.2195e-14         6     
    even_MAG-GUT32902.fa         2.219e-14          6.0034e-05             0.1085            6.0081e-09            0.00022027            0.89122        2.219e-14         6     
    even_MAG-GUT33244.fa        3.1423e-14          2.2295e-05            0.99042            9.0128e-08             0.0024753          0.0070871       3.1423e-14         3     
    even_MAG-GUT33557.fa         2.224e-14          1.3491e-05            0.99322            2.1316e-08             0.0027928          0.0039688        2.224e-14         3     
    even_MAG-GUT33569.fa        4.2096e-14          1.9403e-05             0.9843            2.2924e-07             0.0054988           0.010184       4.2096e-14         3     
    even_MAG-GUT34594.fa        2.3672e-14          9.6666e-06            0.99324            1.1324e-07             0.0028625          0.0038829       2.3672e-14         3     
    even_MAG-GUT35198.fa        3.2794e-14          8.8355e-06             0.9912            2.1854e-07             0.0054082          0.0033815       3.2794e-14         3     
    even_MAG-GUT35271.fa        2.2202e-14           6.777e-06            0.99651            1.1129e-07             0.0025344         0.00095093       2.2202e-14         3     
    even_MAG-GUT3531.fa         1.0018e-11            0.031927             0.2293            1.0605e-08               0.53131            0.20746       1.0018e-11         5     
    even_MAG-GUT36441.fa           0.12929             0.13284            0.16029               0.12929               0.13498            0.18403          0.12929         6     
    even_MAG-GUT37024.fa          2.22e-14          5.6193e-06            0.99594            1.5103e-07             0.0029165          0.0011336         2.22e-14         3     
    even_MAG-GUT38263.fa          2.22e-14          6.8848e-06             0.9974            9.1999e-08             0.0018327         0.00075638         2.22e-14         3     
    even_MAG-GUT4044.fa          1.162e-12            0.028863            0.44316            5.0604e-08               0.17345            0.35453        1.162e-12         3     
    even_MAG-GUT4125.fa         5.8117e-13            0.030724            0.60212            5.9533e-08              0.092337            0.27482       5.8117e-13         3     
    even_MAG-GUT4207.fa         9.8932e-13            0.037179            0.48831            1.6437e-07               0.16944            0.30507       9.8932e-13         3     
    even_MAG-GUT44688.fa        1.3801e-13          0.00028746            0.96969             4.202e-07             0.0055232           0.024494       1.3801e-13         3     
    even_MAG-GUT45090.fa         1.678e-13          2.4296e-05         0.00014672            2.9354e-08               0.99176          0.0080673        1.678e-13         5     
    even_MAG-GUT5486.fa         5.5688e-14          5.4038e-05            0.98049            2.1627e-07              0.005737           0.013722       5.5688e-14         3     
    even_MAG-GUT56948.fa        6.3804e-13            0.021887            0.71609             4.492e-07              0.087738            0.17428       6.3804e-13         3     
    even_MAG-GUT57094.fa        3.0604e-13            0.010881            0.50522            4.1382e-09              0.084669            0.39923       3.0604e-13         3     
    even_MAG-GUT57392.fa        4.4283e-14          8.2401e-05             0.9902            1.3043e-07             0.0025364          0.0071782       4.4283e-14         3     
    even_MAG-GUT57492.fa        4.1124e-14          1.7091e-05            0.98815            2.1996e-07             0.0055656          0.0062684       4.1124e-14         3     
    even_MAG-GUT57819.fa        2.2202e-14          2.6314e-06          0.0074387            2.8262e-09             0.0030194         0.00044884          0.98909         7     
    even_MAG-GUT57904.fa        4.0657e-13            0.030667            0.62017            2.0814e-08              0.076094            0.27307       4.0657e-13         3     
    even_MAG-GUT58156.fa        4.3769e-14          0.00091786             0.5823            1.4723e-09             0.0029546            0.41382       4.3769e-14         3     
    even_MAG-GUT59296.fa          2.22e-14          3.5518e-06           0.001073            3.4825e-09             0.0087428         0.00024907          0.98993         7     
    even_MAG-GUT59532.fa        2.9137e-14          1.7169e-05            0.99296             8.095e-08             0.0033877           0.003635       2.9137e-14         3     
    even_MAG-GUT59561.fa        2.2199e-14            1.15e-05            0.99232             7.676e-08             0.0013455          0.0063269       2.2199e-14         3     
    even_MAG-GUT59569.fa          2.22e-14          1.5617e-05            0.97546            5.4649e-08             0.0019324           0.022589         2.22e-14         3     
    even_MAG-GUT61666.fa        4.2631e-14          1.1714e-05            0.98853             2.833e-07             0.0051863          0.0062727       4.2631e-14         3     
    even_MAG-GUT62293.fa        2.2199e-14          2.2276e-06         7.8546e-05            9.4587e-10             0.0098931          0.0006446          0.98938         7     
    even_MAG-GUT68598.fa        2.8571e-12          0.00022954            0.01115            2.8571e-12               0.95408           0.034542       2.8571e-12         5     
    even_MAG-GUT80819.fa        4.6249e-11            0.083908             0.2627            2.4616e-07               0.44561            0.20778       4.6249e-11         5     
    even_MAG-GUT82008.fa        2.4589e-13          5.7903e-05          0.0002003            6.3777e-07               0.99596          0.0037831       2.4589e-13         5     
    even_MAG-GUT85133.fa         4.492e-14          3.3637e-05            0.98772            1.6272e-07             0.0026498          0.0095957        4.492e-14         3     
    even_MAG-GUT8776.fa         2.2199e-14          1.9544e-06          7.128e-05            1.1351e-09             0.0093557            0.00113          0.98944         7     
    even_MAG-GUT89959.fa          2.22e-14          0.00037003         0.00017558            1.2047e-12             0.0038007            0.99565         2.22e-14         6     
    even_MAG-GUT90583.fa        2.2199e-14          6.9924e-05         4.9844e-05            2.9167e-13              0.011835            0.98804       2.2199e-14         6     
    even_MAG-GUT9228.fa         2.2199e-14          1.0007e-06         0.00032888             2.871e-10             0.0080102         0.00035854           0.9913         7     
    even_MAG-GUT9760.fa         2.2185e-14          4.8893e-05            0.12893            2.4189e-09             0.0001957            0.87083       2.2185e-14         6     

Process completed 
[?1l>