MATLAB is selecting SOFTWARE OPENGL rendering.
[?1h=
                            < M A T L A B (R) >
                  Copyright 1984-2019 The MathWorks, Inc.
              R2019b Update 5 (9.7.0.1319299) 64-bit (glnxa64)
                             February 19, 2020

 
To get started, type doc.
For product information, visit www.mathworks.com.
 
[H[J
basePath = 

    ""


dataSetPath = 

    "/mnt/sda/DeepMicrobes-data/labeled_genome-r202/c__Actinomycetia_split_pruned"


testSetPath = 

    "/mnt/sda/DeepMicrobes-data/labeled_genome-r202/hgr_mags/c__Actinomycetia"

Reading sequences .... 
Starting parallel pool (parpool) using the 'local' profile ...
Starting parallel pool (parpool) using the 'local' profile ...
Starting parallel pool (parpool) using the 'local' profile ...
Starting parallel pool (parpool) using the 'local' profile ...
Generating CGRs.... 
totalSeq is: 2090
Starting parallel pool (parpool) using the 'local' profile ...
Starting parallel pool (parpool) using the 'local' profile ...
Computing disMat .... 
Starting parallel pool (parpool) using the 'local' profile ...
Performing classification .... 

minSeqLen =

     0


maxSeqLen =

     0

dataSet is:/mnt/sda/DeepMicrobes-data/labeled_genome-r202/hgr_mags/c__Actinomycetia
Starting parallel pool (parpool) using the 'local' profile ...
Starting parallel pool (parpool) using the 'local' profile ...
Starting parallel pool (parpool) using the 'local' profile ...
numTestSeq is: 195

clusterNames =

  1x4 cell array

  Columns 1 through 3

    {'1-o__Actinomyc...'}    {'o__Mycobacteri...'}    {'o__Propionibac...'}

  Column 4

    {'o__Streptomyce...'}


clusterNames =

  1x4 cell array

  Columns 1 through 3

    {'1-o__Actinomyc...'}    {'2-o__Mycobacte...'}    {'o__Propionibac...'}

  Column 4

    {'o__Streptomyce...'}


clusterNames =

  1x4 cell array

  Columns 1 through 3

    {'1-o__Actinomyc...'}    {'2-o__Mycobacte...'}    {'3-o__Propionib...'}

  Column 4

    {'o__Streptomyce...'}


clusterNames =

  1x4 cell array

  Columns 1 through 3

    {'1-o__Actinomyc...'}    {'2-o__Mycobacte...'}    {'3-o__Propionib...'}

  Column 4

    {'4-o__Streptomy...'}

  Columns 1 through 3

    '1-o__Actinomycet...'    '2-o__Mycobacteri...'    '3-o__Propionibac...'

  Column 4

    '4-o__Streptomyce...'


header =

  1x5 cell array

  Columns 1 through 3

    {'1-o__Actinomyc...'}    {'2-o__Mycobacte...'}    {'3-o__Propionib...'}

  Columns 4 through 5

    {'4-o__Streptomy...'}    {'prediction'}


T3 =

  195x5 table

                            1-o__Actinomycetales    2-o__Mycobacteriales    3-o__Propionibacteriales    4-o__Streptomycetales    prediction
                            ____________________    ____________________    ________________________    _____________________    __________

    even_MAG-GUT1001.fa            0.047339              0.00031547                   0.95086                 0.0014894              3     
    even_MAG-GUT1012.fa             0.95315                0.032687                  0.014154                7.5523e-06              1     
    even_MAG-GUT1026.fa             0.24895              9.8308e-05                   0.75092                3.2924e-05              3     
    even_MAG-GUT1033.fa             0.27179              0.00011613                   0.72798                0.00011794              3     
    even_MAG-GUT10488.fa            0.99722               0.0027164                5.5493e-05                7.7321e-06              1     
    even_MAG-GUT1054.fa            0.042089                0.004575                   0.95198                 0.0013544              3     
    even_MAG-GUT1059.fa             0.03857               0.0015883                   0.95695                 0.0028933              3     
    even_MAG-GUT1065.fa            0.019442              0.00031158                   0.97801                  0.002239              3     
    even_MAG-GUT1089.fa            0.022497               0.0014193                   0.97237                 0.0037118              3     
    even_MAG-GUT1122.fa            0.068195              0.00031205                   0.93009                  0.001407              3     
    even_MAG-GUT1128.fa             0.10536               0.0027298                   0.89137                0.00053704              3     
    even_MAG-GUT1131.fa            0.082839              0.00024661                   0.91607                0.00084218              3     
    even_MAG-GUT1133.fa            0.029124              0.00019045                   0.96988                0.00080618              3     
    even_MAG-GUT1135.fa            0.082147              0.00084394                   0.91473                 0.0022821              3     
    even_MAG-GUT1139.fa            0.063722              0.00010886                   0.93597                0.00019769              3     
    even_MAG-GUT1143.fa             0.11289               0.0011886                    0.8839                  0.002022              3     
    even_MAG-GUT1148.fa             0.49819              0.00016617                   0.50161                3.2715e-05              3     
    even_MAG-GUT1149.fa            0.060037               0.0016236                   0.93418                 0.0041597              3     
    even_MAG-GUT1157.fa              0.1431              1.7113e-05                   0.85669                0.00019071              3     
    even_MAG-GUT11934.fa            0.99991              4.5681e-05                2.4777e-05                1.6176e-05              1     
    even_MAG-GUT1249.fa            0.024532               0.0015997                   0.97279                 0.0010784              3     
    even_MAG-GUT1258.fa            0.085162              0.00062846                   0.91347                0.00074409              3     
    even_MAG-GUT1265.fa            0.068003               0.0034602                   0.92587                 0.0026655              3     
    even_MAG-GUT1274.fa            0.041406              0.00070962                   0.95616                 0.0017271              3     
    even_MAG-GUT1282.fa            0.032878               0.0023165                   0.96104                 0.0037672              3     
    even_MAG-GUT1287.fa             0.11314               0.0038904                   0.88082                 0.0021481              3     
    even_MAG-GUT12944.fa            0.99906              0.00093757                5.0866e-06                5.5421e-07              1     
    even_MAG-GUT1453.fa             0.14518              0.00064267                   0.85191                 0.0022684              3     
    even_MAG-GUT1529.fa             0.11053                0.031503                   0.84139                   0.01658              3     
    even_MAG-GUT1534.fa            0.095632              0.00011227                   0.90336                0.00089171              3     
    even_MAG-GUT1537.fa            0.016738                0.020358                   0.95365                  0.009255              3     
    even_MAG-GUT1826.fa                0.99               0.0099306                6.9253e-05                1.0997e-07              1     
    even_MAG-GUT1870.fa             0.03576               0.0033196                   0.95806                 0.0028571              3     
    even_MAG-GUT1873.fa            0.017606               0.0042242                   0.97768                0.00049022              3     
    even_MAG-GUT1877.fa            0.041431              0.00051296                   0.95693                 0.0011303              3     
    even_MAG-GUT1881.fa            0.088498               0.0021205                   0.90387                 0.0055157              3     
    even_MAG-GUT1883.fa            0.070701               0.0016889                   0.92453                 0.0030761              3     
    even_MAG-GUT1912.fa            0.047311              0.00026301                   0.95118                 0.0012409              3     
    even_MAG-GUT2058.fa             0.99861              0.00096187                0.00042331                2.5158e-06              1     
    even_MAG-GUT2078.fa              0.9896               0.0092177                  0.001186                1.1866e-07              1     
    even_MAG-GUT2079.fa              0.9962              1.1496e-05                 0.0033979                0.00039272              1     
    even_MAG-GUT23346.fa            0.98579                0.012315                 0.0018981                3.3185e-07              1     
    even_MAG-GUT23723.fa            0.96606                0.033782                0.00016045                2.3873e-07              1     
    even_MAG-GUT28721.fa            0.99857               0.0012074                0.00022422                 1.526e-06              1     
    even_MAG-GUT28738.fa            0.99767               0.0021925                0.00013463                6.2475e-06              1     
    even_MAG-GUT36138.fa            0.99813              1.2189e-05                 0.0014388                 0.0004162              1     
    even_MAG-GUT37090.fa            0.99971              0.00023045                5.1437e-05                7.6082e-06              1     
    even_MAG-GUT408.fa              0.94374                0.055082                  0.001177                2.1504e-07              1     
    even_MAG-GUT409.fa              0.96653                0.033016                0.00045044                2.7045e-07              1     
    even_MAG-GUT412.fa              0.97776                0.022166                7.7133e-05                3.0228e-08              1     
    even_MAG-GUT418.fa              0.96545                0.034149                0.00040167                1.2119e-07              1     
    even_MAG-GUT420.fa              0.96373                0.035891                 0.0003778                1.3546e-07              1     
    even_MAG-GUT421.fa              0.97621                0.022442                 0.0013447                6.8419e-07              1     
    even_MAG-GUT422.fa              0.94556                0.054292                0.00014446                7.7013e-08              1     
    even_MAG-GUT423.fa              0.96954                0.030192                 0.0002708                6.4296e-08              1     
    even_MAG-GUT425.fa              0.89582                 0.10397                0.00021025                1.4187e-07              1     
    even_MAG-GUT429.fa              0.90302                0.096955                2.2255e-05                2.9641e-08              1     
    even_MAG-GUT430.fa              0.94664                0.052802                0.00055882                2.9115e-07              1     
    even_MAG-GUT431.fa              0.93995                0.059984                6.7169e-05                7.4177e-08              1     
    even_MAG-GUT432.fa              0.92265                0.075321                 0.0020272                7.6948e-07              1     
    even_MAG-GUT43254.fa            0.99884               0.0011104                2.8403e-05                2.6135e-05              1     
    even_MAG-GUT433.fa              0.95521                0.040578                 0.0042088                1.0761e-06              1     
    even_MAG-GUT435.fa                0.964                0.034873                 0.0011273                4.6088e-07              1     
    even_MAG-GUT43623.fa            0.94057                0.059366                6.6421e-05                9.6398e-08              1     
    even_MAG-GUT43628.fa             0.9592                0.040754                4.2495e-05                2.5124e-08              1     
    even_MAG-GUT43934.fa            0.96353                 0.03458                  0.001887                1.4328e-07              1     
    even_MAG-GUT441.fa              0.69603                 0.26044                   0.04353                2.5991e-06              1     
    even_MAG-GUT444.fa              0.94867                0.051259                6.8807e-05                1.0121e-07              1     
    even_MAG-GUT445.fa              0.87039                 0.12948                0.00012721                8.5008e-08              1     
    even_MAG-GUT446.fa              0.97584                 0.02407                 8.896e-05                4.5675e-08              1     
    even_MAG-GUT449.fa              0.49639                 0.49877                 0.0048392                2.4953e-07              2     
    even_MAG-GUT44961.fa            0.99966              0.00011232                0.00019179                3.9298e-05              1     
    even_MAG-GUT450.fa              0.97878                0.020671                0.00054668                2.6853e-07              1     
    even_MAG-GUT452.fa              0.96305                0.036628                0.00032467                2.2074e-07              1     
    even_MAG-GUT453.fa              0.89202                 0.10794                3.7516e-05                3.0523e-08              1     
    even_MAG-GUT455.fa              0.76612                 0.22996                  0.003919                 5.674e-07              1     
    even_MAG-GUT456.fa              0.87367                 0.12171                 0.0046138                5.8244e-07              1     
    even_MAG-GUT457.fa              0.93459                0.065237                0.00016885                5.0098e-08              1     
    even_MAG-GUT4577.fa             0.99661               0.0033388                5.1345e-05                 6.416e-07              1     
    even_MAG-GUT45829.fa            0.98811                0.010887                 0.0010044                4.9388e-07              1     
    even_MAG-GUT459.fa              0.97748                0.017824                 0.0046932                5.9208e-07              1     
    even_MAG-GUT46159.fa            0.99719              1.8618e-05                 0.0023135                0.00047947              1     
    even_MAG-GUT462.fa              0.97238                 0.02758                2.1194e-05                2.0983e-05              1     
    even_MAG-GUT463.fa                0.941                0.058886                0.00011275                9.8939e-08              1     
    even_MAG-GUT464.fa              0.99056               0.0092457                0.00019291                2.2857e-07              1     
    even_MAG-GUT46486.fa            0.97305                 0.02483                 0.0021161                1.3129e-06              1     
    even_MAG-GUT46493.fa            0.98933                0.010081                0.00059366                1.7421e-07              1     
    even_MAG-GUT465.fa              0.88563                 0.10113                  0.013235                5.5909e-07              1     
    even_MAG-GUT467.fa              0.86209                 0.12476                  0.013157                1.9527e-06              1     
    even_MAG-GUT46719.fa            0.99663              0.00030082                 0.0027158                0.00035632              1     
    even_MAG-GUT46760.fa            0.99214                0.007077                0.00077653                2.9729e-06              1     
    even_MAG-GUT468.fa              0.86214                 0.11795                  0.019904                4.0436e-06              1     
    even_MAG-GUT469.fa              0.99602               0.0039178                6.3219e-05                 1.394e-07              1     
    even_MAG-GUT470.fa               0.8602                 0.12395                  0.015845                5.3228e-06              1     
    even_MAG-GUT471.fa              0.96896                0.030845                0.00019408                 2.613e-07              1     
    even_MAG-GUT47464.fa            0.95894                0.040179                0.00088283                1.3064e-07              1     
    even_MAG-GUT47585.fa            0.99821               0.0015814                0.00020716                  3.41e-06              1     
    even_MAG-GUT47777.fa            0.99737                0.002607                2.0366e-05                1.5561e-06              1     
    even_MAG-GUT48579.fa            0.90456                0.094514                0.00092646                1.1344e-07              1     
    even_MAG-GUT48681.fa           0.021092              0.00070838                   0.97734                0.00085895              3     
    even_MAG-GUT48721.fa           0.017421               0.0019365                   0.97851                 0.0021364              3     
    even_MAG-GUT48763.fa            0.11615               0.0002205                   0.88252                  0.001101              3     
    even_MAG-GUT48801.fa           0.074056              0.00063581                   0.92296                 0.0023487              3     
    even_MAG-GUT48805.fa          0.0012756                 0.99861                0.00011175                6.6777e-07              2     
    even_MAG-GUT48852.fa           0.080308              7.8874e-05                    0.9173                 0.0023146              3     
    even_MAG-GUT49009.fa            0.42129              7.3646e-05                   0.57826                0.00037657              3     
    even_MAG-GUT49041.fa            0.56895              0.00075592                   0.43029                3.8131e-06              1     
    even_MAG-GUT49046.fa         0.00010471                 0.99944                0.00045774                8.2946e-07              2     
    even_MAG-GUT49079.fa            0.21893               0.0016961                   0.77633                 0.0030402              3     
    even_MAG-GUT49243.fa            0.50922              2.4452e-05                   0.49056                0.00019243              1     
    even_MAG-GUT49261.fa           0.042056               0.0047215                   0.94946                 0.0037582              3     
    even_MAG-GUT49394.fa           0.066607              0.00016439                   0.93236                0.00087244              3     
    even_MAG-GUT49423.fa           0.098583               0.0021113                   0.89862                  0.000687              3     
    even_MAG-GUT49507.fa           0.067902              0.00012519                   0.93185                0.00012745              3     
    even_MAG-GUT49537.fa            0.12201               0.0012922                   0.87438                 0.0023181              3     
    even_MAG-GUT49543.fa           0.030471              0.00012139                   0.96617                 0.0032367              3     
    even_MAG-GUT55663.fa            0.99755              0.00024712                 0.0019194                0.00028032              1     
    even_MAG-GUT55688.fa            0.99651               1.792e-05                 0.0031868                0.00028742              1     
    even_MAG-GUT56059.fa            0.99903              0.00079435                 0.0001772                2.9626e-06              1     
    even_MAG-GUT57173.fa            0.99869               0.0012365                 3.812e-05                3.3759e-05              1     
    even_MAG-GUT59472.fa            0.99689              5.9386e-06                 0.0027067                0.00039682              1     
    even_MAG-GUT61735.fa            0.99943              0.00055985                1.5634e-06                1.1167e-05              1     
    even_MAG-GUT62023.fa            0.99737              1.3765e-05                 0.0022346                 0.0003844              1     
    even_MAG-GUT6244.fa             0.25984              0.00020975                   0.73946                0.00048823              3     
    even_MAG-GUT6247.fa            0.022963              0.00051283                   0.97624                0.00028845              3     
    even_MAG-GUT6251.fa            0.067673               0.0024513                   0.92788                 0.0019988              3     
    even_MAG-GUT6256.fa            0.040216              0.00037488                   0.95913                0.00027798              3     
    even_MAG-GUT6261.fa            0.068226               0.0055523                   0.92312                 0.0030995              3     
    even_MAG-GUT6265.fa             0.17094              7.1952e-05                   0.82829                0.00069453              3     
    even_MAG-GUT6273.fa             0.17094              7.1952e-05                   0.82829                0.00069453              3     
    even_MAG-GUT6280.fa             0.21743               0.0010977                   0.77973                 0.0017381              3     
    even_MAG-GUT6286.fa             0.17094              7.1952e-05                   0.82829                0.00069453              3     
    even_MAG-GUT6290.fa             0.21743               0.0010977                   0.77973                 0.0017381              3     
    even_MAG-GUT64457.fa            0.93208                0.067289                0.00062879                7.8946e-07              1     
    even_MAG-GUT66991.fa            0.99494              0.00018271                 0.0040636                0.00081358              1     
    even_MAG-GUT67012.fa            0.93445                0.065392                0.00015948                4.1882e-08              1     
    even_MAG-GUT67029.fa             0.9396                0.057401                 0.0029978                1.9055e-07              1     
    even_MAG-GUT67120.fa            0.99811              9.4057e-05                 0.0014685                0.00033156              1     
    even_MAG-GUT67723.fa            0.99792              0.00030552                 0.0016831                  8.76e-05              1     
    even_MAG-GUT67770.fa            0.99659              3.2966e-06                 0.0030015                0.00040035              1     
    even_MAG-GUT67779.fa            0.99786              0.00013178                 0.0012726                0.00073091              1     
    even_MAG-GUT67830.fa            0.99752              4.1992e-05                 0.0023211                0.00011448              1     
    even_MAG-GUT67839.fa            0.99867              4.3597e-05                 0.0011554                0.00012912              1     
    even_MAG-GUT67975.fa            0.97808                0.021647                0.00027431                1.7845e-07              1     
    even_MAG-GUT67977.fa            0.99523              0.00052635                 0.0039327                0.00031443              1     
    even_MAG-GUT68007.fa            0.99771              2.8128e-06                 0.0020421                0.00024121              1     
    even_MAG-GUT68023.fa            0.99915              4.6924e-05                 0.0005221                0.00027662              1     
    even_MAG-GUT68145.fa            0.99796              2.1018e-05                 0.0017551                0.00026085              1     
    even_MAG-GUT68157.fa            0.99735                6.16e-05                 0.0021671                0.00041928              1     
    even_MAG-GUT68181.fa            0.99741              9.0992e-05                 0.0019262                 0.0005744              1     
    even_MAG-GUT68189.fa            0.98817                0.011179                0.00064734                2.4281e-07              1     
    even_MAG-GUT68190.fa            0.97732                0.022333                 0.0003449                1.5117e-07              1     
    even_MAG-GUT68197.fa            0.99687              0.00019701                  0.002681                0.00024811              1     
    even_MAG-GUT68245.fa            0.10256              3.5501e-06                   0.89532                 0.0021235              3     
    even_MAG-GUT68475.fa            0.99427              0.00040144                 0.0047271                0.00060339              1     
    even_MAG-GUT68642.fa            0.98694                0.012648                 0.0004129                1.8501e-07              1     
    even_MAG-GUT68659.fa            0.99328              4.4534e-05                 0.0065284                0.00015071              1     
    even_MAG-GUT68697.fa            0.99635               0.0032589                0.00038597                1.0217e-06              1     
    even_MAG-GUT68968.fa            0.99486               0.0049882                0.00014949                5.7398e-07              1     
    even_MAG-GUT69048.fa            0.99519              1.1874e-05                 0.0044522                0.00034179              1     
    even_MAG-GUT69064.fa            0.99043               0.0094169                0.00014949                1.4489e-06              1     
    even_MAG-GUT69117.fa             0.9726                0.027075                0.00032132                3.2612e-07              1     
    even_MAG-GUT69121.fa            0.97811                0.021783                0.00010637                8.9767e-08              1     
    even_MAG-GUT69224.fa            0.91493                0.079094                 0.0059779                5.9449e-07              1     
    even_MAG-GUT69229.fa            0.98857                0.011381                5.2057e-05                1.1118e-07              1     
    even_MAG-GUT69253.fa            0.99478               0.0051253                9.1177e-05                8.7779e-07              1     
    even_MAG-GUT69434.fa             0.9916               0.0079398                0.00046244                 5.573e-07              1     
    even_MAG-GUT69447.fa            0.97666                0.023136                0.00019866                4.4955e-07              1     
    even_MAG-GUT69662.fa             0.9988               0.0008237                  0.000378                5.0084e-07              1     
    even_MAG-GUT74324.fa            0.99754               1.403e-05                 0.0022333                0.00021387              1     
    even_MAG-GUT74347.fa            0.99435              0.00017674                 0.0046483                 0.0008257              1     
    even_MAG-GUT7772.fa             0.99778              5.8447e-05                 0.0019618                0.00020228              1     
    even_MAG-GUT80384.fa            0.99955              0.00044811                4.6707e-07                2.3598e-06              1     
    even_MAG-GUT80568.fa            0.99375              2.1836e-05                 0.0057376                0.00048722              1     
    even_MAG-GUT80804.fa            0.99694               0.0030571                6.3362e-06                3.3618e-07              1     
    even_MAG-GUT81959.fa            0.99731              5.7793e-05                 0.0018164                0.00081637              1     
    even_MAG-GUT85070.fa            0.99844               0.0015025                5.6329e-05                1.0018e-06              1     
    even_MAG-GUT86606.fa            0.99721              7.0906e-05                 0.0018344                0.00088631              1     
    even_MAG-GUT88052.fa            0.99497              0.00039158                 0.0038769                0.00075832              1     
    even_MAG-GUT88444.fa              0.999              0.00072218                0.00027294                4.8895e-06              1     
    even_MAG-GUT9016.fa             0.99787               0.0021062                2.3209e-05                1.2663e-06              1     
    even_MAG-GUT91259.fa           0.051467              0.00031579                   0.94664                 0.0015736              3     
    even_MAG-GUT91528.fa           0.038074               0.0012051                   0.95591                 0.0048066              3     
    even_MAG-GUT91549.fa           0.049498               0.0034969                   0.94336                 0.0036505              3     
    even_MAG-GUT91633.fa             0.9921              7.3627e-07                 0.0078996                2.3477e-06              1     
    even_MAG-GUT91733.fa             0.9855                0.014115                0.00038537                 1.598e-07              1     
    even_MAG-GUT91735.fa             0.9855                0.014115                0.00038537                 1.598e-07              1     
    even_MAG-GUT91835.fa           0.048758              0.00053232                   0.94896                 0.0017503              3     
    even_MAG-GUT91865.fa            0.20407               0.0026799                   0.78987                 0.0033854              3     
    even_MAG-GUT91947.fa            0.92884                0.071105                2.8933e-05                2.8606e-05              1     
    even_MAG-GUT92065.fa            0.92649                0.073389                0.00012522                4.7037e-08              1     
    even_MAG-GUT92079.fa           0.083135              0.00012051                   0.91612                 0.0006208              3     
    even_MAG-GUT92127.fa           0.060915              9.6181e-05                   0.93776                 0.0012287              3     
    even_MAG-GUT9523.fa             0.99445              2.6982e-05                  0.004979                0.00054554              1     
    even_MAG-GUT988.fa              0.10158               5.567e-05                   0.89796                0.00040601              3     


outputPath = 

    "outputs-HGR-r202/test-c__Actinomycetia_split_pruned.xlsx"

Process completed 
[?1l>