MATLAB is selecting SOFTWARE OPENGL rendering.
[?1h=
                            < M A T L A B (R) >
                  Copyright 1984-2019 The MathWorks, Inc.
              R2019b Update 5 (9.7.0.1319299) 64-bit (glnxa64)
                             February 19, 2020

 
To get started, type doc.
For product information, visit www.mathworks.com.
 
[H[2J
basePath = 

    ""


dataSetPath = 

    "/mnt/sda/DeepMicrobes-data/labeled_genome-r202/d__Bacteria_split_pruned"


testSetPath = 

    "/mnt/sda/DeepMicrobes-data/labeled_genome-r202/hgr_mags/d__Bacteria"

Reading sequences .... 
Starting parallel pool (parpool) using the 'local' profile ...
Starting parallel pool (parpool) using the 'local' profile ...
Starting parallel pool (parpool) using the 'local' profile ...
Starting parallel pool (parpool) using the 'local' profile ...
Generating CGRs.... 
totalSeq is: 134
Starting parallel pool (parpool) using the 'local' profile ...
Starting parallel pool (parpool) using the 'local' profile ...
Computing disMat .... 
Starting parallel pool (parpool) using the 'local' profile ...
Performing classification .... 

minSeqLen =

     0


maxSeqLen =

     0

dataSet is:/mnt/sda/DeepMicrobes-data/labeled_genome-r202/hgr_mags/d__Bacteria
Starting parallel pool (parpool) using the 'local' profile ...
Starting parallel pool (parpool) using the 'local' profile ...
Starting parallel pool (parpool) using the 'local' profile ...
numTestSeq is: 3269

clusterNames =

  1x4 cell array

  Columns 1 through 3

    {'1-p__Actinobac...'}    {'p__Firmicutes_A'}    {'p__Patescibact...'}

  Column 4

    {'p__Spirochaetota'}


clusterNames =

  1x4 cell array

  Columns 1 through 3

    {'1-p__Actinobac...'}    {'2-p__Firmicutes_A'}    {'p__Patescibact...'}

  Column 4

    {'p__Spirochaetota'}


clusterNames =

  1x4 cell array

  Columns 1 through 3

    {'1-p__Actinobac...'}    {'2-p__Firmicutes_A'}    {'3-p__Patesciba...'}

  Column 4

    {'p__Spirochaetota'}


clusterNames =

  1x4 cell array

  Columns 1 through 3

    {'1-p__Actinobac...'}    {'2-p__Firmicutes_A'}    {'3-p__Patesciba...'}

  Column 4

    {'4-p__Spirochae...'}

  Columns 1 through 3

    '1-p__Actinobacte...'    '2-p__Firmicutes_A'    '3-p__Patescibact...'

  Column 4

    '4-p__Spirochaetota'


header =

  1x5 cell array

  Columns 1 through 3

    {'1-p__Actinobac...'}    {'2-p__Firmicutes_A'}    {'3-p__Patesciba...'}

  Columns 4 through 5

    {'4-p__Spirochae...'}    {'prediction'}


T3 =

  3269x5 table

                            1-p__Actinobacteriota    2-p__Firmicutes_A    3-p__Patescibacteria    4-p__Spirochaetota    prediction
                            _____________________    _________________    ____________________    __________________    __________

    even_MAG-GUT1000.fa            0.047562                0.95244             2.2199e-14             3.3126e-12            2     
    even_MAG-GUT1001.fa            0.060912                0.93909             2.2199e-14             2.2199e-14            2     
    even_MAG-GUT10080.fa          0.0057705                0.99423             2.2198e-14             7.2185e-14            2     
    even_MAG-GUT10094.fa            0.04496                0.95504             2.2199e-14             1.3096e-13            2     
    even_MAG-GUT10102.fa            0.27898                0.72102             2.2202e-14              3.335e-14            2     
    even_MAG-GUT10109.fa           0.005897                 0.9941             2.2198e-14             3.3897e-12            2     
    even_MAG-GUT1012.fa              0.4237                 0.5763             2.2204e-14              7.328e-13            2     
    even_MAG-GUT10126.fa            0.22567                0.77433             2.2201e-14             1.5465e-13            2     
    even_MAG-GUT10153.fa            0.36296                0.42753             1.1354e-06                0.20951            2     
    even_MAG-GUT1016.fa             0.99299              0.0023364              0.0023362              0.0023363            1     
    even_MAG-GUT1018.fa           0.0056154                0.99438             2.2198e-14             3.6437e-12            2     
    even_MAG-GUT10181.fa          0.0010815                0.99892             2.2199e-14             1.4702e-08            2     
    even_MAG-GUT10183.fa            0.41338                0.58662             2.2204e-14              2.941e-14            2     
    even_MAG-GUT1024.fa             0.32867                0.22402                0.22364                0.22368            1     
    even_MAG-GUT1026.fa             0.13019                0.86981               2.22e-14             4.7768e-13            2     
    even_MAG-GUT10262.fa           0.023316                0.97668             2.2199e-14              1.833e-07            2     
    even_MAG-GUT10270.fa          0.0063487                0.15347             2.2183e-14                0.84018            4     
    even_MAG-GUT1029.fa             0.25163                0.24997                0.24918                0.24923            1     
    even_MAG-GUT103.fa              0.91609               0.021056             2.4679e-12               0.062853            1     
    even_MAG-GUT1033.fa            0.064777                0.93522             2.2199e-14             4.2745e-14            2     
    even_MAG-GUT10345.fa          0.0076795                0.99232             2.2198e-14             8.3323e-14            2     
    even_MAG-GUT10346.fa            0.35991                0.64009             2.2203e-14             3.3928e-09            2     
    even_MAG-GUT10359.fa           0.021146                0.97885             2.2198e-14             2.4317e-08            2     
    even_MAG-GUT1036.fa             0.25239                0.24844                0.24801                0.25115            1     
    even_MAG-GUT1037.fa             0.25325                0.24762                0.24729                0.25183            1     
    even_MAG-GUT10374.fa          0.0016381                0.99836             2.2198e-14             5.0093e-09            2     
    even_MAG-GUT10376.fa            0.16878                0.83118             6.1294e-12             4.3462e-05            2     
    even_MAG-GUT10398.fa          0.0063594                0.16548             2.2216e-14                0.82816            4     
    even_MAG-GUT10417.fa            0.28097                0.71903             2.2202e-14             4.0798e-13            2     
    even_MAG-GUT10454.fa           0.067289                0.91971             3.7623e-12               0.013002            2     
    even_MAG-GUT1047.fa             0.25325                0.24762                0.24729                0.25183            1     
    even_MAG-GUT10478.fa           0.012563                0.98744             2.2198e-14             3.7398e-12            2     
    even_MAG-GUT10488.fa            0.52532                0.47468             2.2204e-14             8.8131e-12            1     
    even_MAG-GUT1049.fa            0.011303                 0.9887             2.2198e-14             4.8952e-11            2     
    even_MAG-GUT1050.fa            0.017272                0.98273             2.2198e-14             1.3609e-10            2     
    even_MAG-GUT10512.fa           0.063159                0.93684             2.2199e-14             5.5893e-12            2     
    even_MAG-GUT1052.fa             0.25297                0.24881                0.24868                0.24955            1     
    even_MAG-GUT10537.fa           0.055036                0.94496             9.1204e-13             6.1988e-07            2     
    even_MAG-GUT1054.fa             0.08707                0.91293             2.2199e-14             9.0693e-14            2     
    even_MAG-GUT10541.fa          0.0029672                  0.997             2.9509e-14             3.4832e-05            2     
    even_MAG-GUT1055.fa             0.25213                 0.2492                0.24867                   0.25            1     
    even_MAG-GUT10562.fa            0.11174                0.88826             1.4701e-11             7.6695e-08            2     
    even_MAG-GUT10584.fa           0.085558                0.90548             1.4243e-12              0.0089617            2     
    even_MAG-GUT1059.fa            0.051972                0.94803             2.2199e-14             3.4882e-14            2     
    even_MAG-GUT10593.fa            0.26774                0.29685                0.21761                 0.2178            2     
    even_MAG-GUT10599.fa            0.16362                0.40881             2.4457e-12                0.42756            4     
    even_MAG-GUT10606.fa           0.065076                0.87101             1.6393e-12               0.063914            2     
    even_MAG-GUT10612.fa              0.123                  0.877             7.7652e-12             1.5012e-06            2     
    even_MAG-GUT10617.fa           0.049653                0.95035              5.126e-13             2.0753e-07            2     
    even_MAG-GUT1062.fa             0.25232                0.24916                0.24877                0.24975            1     
    even_MAG-GUT10625.fa            0.10809               0.069223             5.4689e-14                0.82268            4     
    even_MAG-GUT10629.fa            0.16926                0.78929             8.1629e-12               0.041454            2     
    even_MAG-GUT10635.fa            0.02882                0.97118             2.2198e-14              4.272e-11            2     
    even_MAG-GUT1065.fa            0.057362                0.94264             2.2199e-14             2.6334e-14            2     
    even_MAG-GUT10653.fa           0.061451                0.92731             1.7584e-12               0.011235            2     
    even_MAG-GUT10701.fa          0.0085538                0.99145             2.2198e-14             1.0862e-09            2     
    even_MAG-GUT10717.fa           0.010987                0.98901             2.2198e-14             8.6131e-14            2     
    even_MAG-GUT10734.fa            0.51593                 0.2956             6.6294e-09                0.18847            1     
    even_MAG-GUT1077.fa             0.25212                0.24943                0.24908                0.24936            1     
    even_MAG-GUT10786.fa            0.28962                0.71038             2.2202e-14             1.3682e-13            2     
    even_MAG-GUT10793.fa          0.0042652                0.99573             2.2198e-14             1.2961e-08            2     
    even_MAG-GUT10807.fa          0.0014716                0.99852             2.2244e-14             9.0015e-06            2     
    even_MAG-GUT1081.fa          0.00074246                0.99926             2.2201e-14             3.3942e-10            2     
    even_MAG-GUT1082.fa             0.25115                0.25211                0.24837                0.24838            2     
    even_MAG-GUT10835.fa            0.12695                 0.8728             3.2574e-14             0.00025153            2     
    even_MAG-GUT10839.fa            0.39765                0.60235             2.2203e-14              8.034e-09            2     
    even_MAG-GUT10849.fa            0.12851                0.87129             2.4965e-12             0.00020007            2     
    even_MAG-GUT1086.fa             0.25028                0.25303                0.24833                0.24836            2     
    even_MAG-GUT10866.fa            0.11618                0.88369             6.1331e-12             0.00012621            2     
    even_MAG-GUT1088.fa             0.25096                0.25227                0.24836                0.24841            2     
    even_MAG-GUT10881.fa            0.19978                0.58618             5.2615e-12                0.21404            2     
    even_MAG-GUT10883.fa          0.0017846                0.99822             2.2198e-14             2.9464e-08            2     
    even_MAG-GUT1089.fa            0.068659                0.93134             2.2199e-14             3.1668e-14            2     
    even_MAG-GUT10909.fa            0.10977                0.89023               2.22e-14               2.22e-14            2     
    even_MAG-GUT10928.fa            0.99282              0.0071787             1.9394e-11             6.3672e-07            1     
    even_MAG-GUT10982.fa           0.034442                0.83598             9.8828e-14                0.12958            2     
    even_MAG-GUT11004.fa           0.083646                0.91635             2.2199e-14             2.6248e-09            2     
    even_MAG-GUT11014.fa           0.015853                0.98415             2.2198e-14             2.5133e-07            2     
    even_MAG-GUT11020.fa          0.0065021                 0.9935             2.2198e-14             1.5023e-11            2     
    even_MAG-GUT1103.fa             0.25239                0.24903                0.24886                0.24972            1     
    even_MAG-GUT11036.fa           0.013565                0.98643             2.2198e-14             6.1287e-07            2     
    even_MAG-GUT11037.fa           0.095576                0.88828             4.9726e-13               0.016146            2     
    even_MAG-GUT11041.fa            0.26676                 0.2734                0.22992                0.22992            2     
    even_MAG-GUT11046.fa            0.21492                 0.0707             2.5529e-12                0.71438            4     
    even_MAG-GUT11063.fa          0.0023394                0.99766             2.2198e-14             9.6703e-09            2     
    even_MAG-GUT11071.fa           0.073494                 0.9265             1.4507e-12             6.9298e-07            2     
    even_MAG-GUT11107.fa          0.0025126                0.99749             2.2198e-14             3.0076e-07            2     
    even_MAG-GUT11142.fa          0.0089738                0.99103             2.2198e-14             2.8042e-13            2     
    even_MAG-GUT11152.fa            0.27695                0.72038             1.3226e-13              0.0026694            2     
    even_MAG-GUT11153.fa            0.35005                0.64995             2.2203e-14             1.6198e-12            2     
    even_MAG-GUT11169.fa           0.012061                0.98794             1.0707e-13             6.5371e-08            2     
    even_MAG-GUT11171.fa          0.0079808                0.96867             2.2206e-14               0.023345            2     
    even_MAG-GUT11185.fa             0.2046                0.77364             2.6507e-09               0.021757            2     
    even_MAG-GUT11187.fa            0.27012                0.48766             2.6555e-12                0.24222            2     
    even_MAG-GUT11210.fa           0.043339                0.18255             2.8173e-14                0.77411            4     
    even_MAG-GUT1122.fa            0.056803                 0.9432             2.2199e-14             4.0014e-14            2     
    even_MAG-GUT11274.fa          0.0058353                0.99416             2.2198e-14             3.0502e-09            2     
    even_MAG-GUT1128.fa            0.099899                 0.9001               2.22e-14             8.4659e-14            2     
    even_MAG-GUT11304.fa           0.086708                0.91323             2.5496e-14             6.4046e-05            2     
    even_MAG-GUT11308.fa             0.3077                0.50434             8.1763e-06                0.18794            2     
    even_MAG-GUT1131.fa             0.11675                0.88325               2.22e-14               2.22e-14            2     
    even_MAG-GUT1133.fa            0.083822                0.91618             2.2199e-14             2.2199e-14            2     
    even_MAG-GUT11332.fa          0.0097702               0.081577             2.2206e-14                0.90865            4     
    even_MAG-GUT1135.fa             0.10778                0.89222             2.2199e-14              3.115e-14            2     
    even_MAG-GUT11376.fa            0.11455                0.88542              1.213e-05             1.2174e-05            2     
    even_MAG-GUT1139.fa            0.068854                0.93115             2.2199e-14              1.162e-13            2     
    even_MAG-GUT11399.fa            0.24027                0.68796             4.4007e-10               0.071775            2     
    even_MAG-GUT11406.fa           0.017903             0.00019008             2.2198e-14                0.98191            4     
    even_MAG-GUT11412.fa            0.18935                0.81065             2.2201e-14             4.4236e-10            2     
    even_MAG-GUT11417.fa            0.43679                0.50745             8.2576e-13               0.055751            2     
    even_MAG-GUT11423.fa            0.38441                0.61559             2.2203e-14             8.8632e-09            2     
    even_MAG-GUT11426.fa            0.24274                0.30695                0.22515                0.22515            2     
    even_MAG-GUT1143.fa            0.060903                 0.9391             2.2199e-14             4.6838e-14            2     
    even_MAG-GUT11435.fa            0.01875                0.42051             2.2272e-14                0.56074            4     
    even_MAG-GUT11449.fa            0.11793                0.88207               2.22e-14               2.22e-14            2     
    even_MAG-GUT11468.fa          0.0071297                0.99287             2.2198e-14             4.6791e-06            2     
    even_MAG-GUT1148.fa             0.22336                0.77664             2.2201e-14               5.54e-13            2     
    even_MAG-GUT1149.fa            0.082143                0.91786             2.2199e-14             3.4057e-14            2     
    even_MAG-GUT11521.fa            0.25575                0.74425             2.2202e-14             8.8959e-10            2     
    even_MAG-GUT11526.fa            0.95272               0.047275             2.2199e-14             5.3588e-12            1     
    even_MAG-GUT11531.fa           0.058112                0.94189              3.986e-13             5.3245e-07            2     
    even_MAG-GUT11535.fa          0.0045859                0.99541             2.2198e-14             4.4289e-07            2     
    even_MAG-GUT11540.fa            0.58435                0.41565             2.2204e-14             9.8801e-12            1     
    even_MAG-GUT11566.fa           0.091672                0.90833               2.22e-14              3.153e-12            2     
    even_MAG-GUT1157.fa             0.07071                0.92929             2.2199e-14             4.9569e-14            2     
    even_MAG-GUT11596.fa            0.10998                0.88528             2.4317e-13              0.0047451            2     
    even_MAG-GUT1160.fa             0.25183                0.24927                0.24883                0.25006            1     
    even_MAG-GUT11638.fa            0.20946                0.79054             2.2201e-14                2.1e-10            2     
    even_MAG-GUT11640.fa           0.014888                0.98511             2.2198e-14             3.4223e-06            2     
    even_MAG-GUT11644.fa           0.028451              0.0018798             4.6103e-14                0.96967            4     
    even_MAG-GUT1169.fa             0.25197                0.24884                0.24871                0.25049            1     
    even_MAG-GUT11693.fa            0.66899                0.33101             2.2203e-14             1.5329e-12            1     
    even_MAG-GUT1171.fa             0.25231                0.24758                0.24744                0.25267            4     
    even_MAG-GUT11729.fa           0.013129                0.98683             2.2198e-14             4.2958e-05            2     
    even_MAG-GUT1173.fa             0.25202                0.24933                0.24872                0.24993            1     
    even_MAG-GUT11741.fa            0.91456               0.085442             3.7037e-14             4.2623e-09            1     
    even_MAG-GUT11752.fa           0.093414                0.90659               2.22e-14             3.9591e-14            2     
    even_MAG-GUT11760.fa            0.12157                0.87843               2.22e-14             5.9458e-12            2     
    even_MAG-GUT1177.fa             0.25184                0.24927                0.24882                0.25006            1     
    even_MAG-GUT11820.fa            0.88077                0.11923             2.4053e-14             3.9422e-11            1     
    even_MAG-GUT11829.fa            0.41217                0.58783             2.2203e-14             1.0697e-08            2     
    even_MAG-GUT11837.fa            0.16137                0.83863             2.2201e-14             9.7341e-12            2     
    even_MAG-GUT1184.fa          0.00081591                0.99918               2.22e-14               5.83e-10            2     
    even_MAG-GUT11847.fa             0.2427                 0.7573             2.2202e-14             1.0057e-09            2     
    even_MAG-GUT11911.fa          0.0068293                0.99317             2.2198e-14              6.413e-08            2     
    even_MAG-GUT11931.fa          0.0040788                0.99592             2.2198e-14             3.0204e-06            2     
    even_MAG-GUT11934.fa            0.53684                0.46316             2.2204e-14             5.1778e-13            1     
    even_MAG-GUT1196.fa             0.25058                0.24694                0.24676                0.25572            4     
    even_MAG-GUT11964.fa            0.39675                0.60325             2.2203e-14             2.1178e-13            2     
    even_MAG-GUT1197.fa             0.25196                0.24834                0.24814                0.25156            1     
    even_MAG-GUT11972.fa            0.89349                0.10651             4.7658e-14             3.6926e-10            1     
    even_MAG-GUT11977.fa            0.23593                0.76407             2.2201e-14             6.5313e-09            2     
    even_MAG-GUT1198.fa            0.019108                0.98089             5.8927e-14              1.128e-09            2     
    even_MAG-GUT12.fa               0.22936                0.28416                0.22132                0.26516            2     
    even_MAG-GUT12028.fa            0.21669                0.78331             2.2201e-14             4.3662e-08            2     
    even_MAG-GUT12030.fa            0.74482                0.22905             2.1084e-11               0.026134            1     
    even_MAG-GUT12049.fa            0.59596                0.40404             2.2204e-14             1.3892e-07            1     
    even_MAG-GUT12051.fa             0.2296                0.33829                0.21606                0.21606            2     
    even_MAG-GUT1206.fa           0.0061718                0.99383             2.2198e-14             4.0087e-12            2     
    even_MAG-GUT12063.fa            0.41634                0.58366             2.2204e-14             1.4881e-09            2     
    even_MAG-GUT12082.fa            0.60719                0.39281             2.2203e-14             5.5745e-08            1     
    even_MAG-GUT12095.fa            0.28826                0.71174             2.2202e-14             1.2597e-09            2     
    even_MAG-GUT12106.fa            0.94864               0.051364             3.5785e-14             6.2912e-12            1     
    even_MAG-GUT1212.fa           0.0061718                0.99383             2.2198e-14             4.0087e-12            2     
    even_MAG-GUT1214.fa          0.00067513                0.99932             2.2201e-14             3.3406e-10            2     
    even_MAG-GUT1217.fa            0.014018                0.98598              2.223e-14             6.7796e-09            2     
    even_MAG-GUT12173.fa           0.019384                 0.9805             3.0607e-14             0.00011185            2     
    even_MAG-GUT12186.fa            0.18858                0.81142               2.22e-14               2.22e-14            2     
    even_MAG-GUT12195.fa            0.20816               0.069527             8.3137e-13                0.72231            4     
    even_MAG-GUT12217.fa            0.25347                0.74653             2.2201e-14             2.0904e-09            2     
    even_MAG-GUT12225.fa            0.02275                0.97706             3.7299e-14             0.00019133            2     
    even_MAG-GUT12230.fa            0.36914                0.63086             2.2203e-14             1.0665e-09            2     
    even_MAG-GUT12256.fa          0.0064073                0.99359             2.2198e-14             3.0279e-07            2     
    even_MAG-GUT12257.fa            0.45488                0.54512             2.2204e-14             9.5699e-09            2     
    even_MAG-GUT12259.fa           0.057271                0.94273             6.0597e-13             3.0772e-06            2     
    even_MAG-GUT12264.fa           0.069267                0.92659             3.2454e-12               0.004138            2     
    even_MAG-GUT12267.fa            0.18639                0.33219             7.8405e-13                0.48143            4     
    even_MAG-GUT12269.fa            0.91894               0.081064             2.3911e-14             1.7821e-09            1     
    even_MAG-GUT1227.fa           0.0061718                0.99383             2.2198e-14             4.0087e-12            2     
    even_MAG-GUT1228.fa             0.25196                0.24834                0.24814                0.25156            1     
    even_MAG-GUT12300.fa            0.47718                0.52282             1.1064e-12             2.7661e-07            2     
    even_MAG-GUT1232.fa            0.017909                0.98209             3.3783e-14             5.0212e-10            2     
    even_MAG-GUT12321.fa            0.19287                0.80713             2.2201e-14             4.6909e-13            2     
    even_MAG-GUT12340.fa           0.043611                0.95639             6.2224e-13             4.5154e-07            2     
    even_MAG-GUT12348.fa          0.0051062                0.99488             2.2198e-14             1.3884e-05            2     
    even_MAG-GUT1236.fa             0.25295                0.24885                0.24873                0.24948            1     
    even_MAG-GUT12361.fa            0.54105                0.45895             2.2204e-14             3.4255e-10            1     
    even_MAG-GUT12377.fa           0.015281                0.98458             2.2201e-14             0.00013917            2     
    even_MAG-GUT12391.fa            0.23635                0.68831             6.7124e-11               0.075342            2     
    even_MAG-GUT12393.fa            0.99232              0.0076802             2.2198e-12             1.0193e-08            1     
    even_MAG-GUT1240.fa          0.00088742                0.99911               2.22e-14             5.2539e-11            2     
    even_MAG-GUT1242.fa             0.25213                 0.2484                 0.2483                0.25116            1     
    even_MAG-GUT1244.fa             0.25196                0.24967                0.24907                 0.2493            1     
    even_MAG-GUT12458.fa          0.0095041                0.97431             1.9373e-13               0.016182            2     
    even_MAG-GUT1246.fa             0.25072                0.25253                0.24837                0.24838            2     
    even_MAG-GUT1248.fa          0.00058998                0.99941             2.2201e-14             4.8486e-10            2     
    even_MAG-GUT12481.fa           0.066779                0.90579             1.8031e-13               0.027432            2     
    even_MAG-GUT12482.fa            0.36586                0.63414             2.2203e-14              7.367e-13            2     
    even_MAG-GUT1249.fa            0.065847                0.93415             2.2199e-14             2.2199e-14            2     
    even_MAG-GUT12518.fa           0.005849                0.99415             2.2198e-14             3.6421e-13            2     
    even_MAG-GUT1252.fa             0.25073                0.25178                0.24874                0.24875            2     
    even_MAG-GUT12533.fa            0.95303               0.046968             1.5682e-13             6.3818e-12            1     
    even_MAG-GUT1255.fa             0.25196                0.24967                0.24907                 0.2493            1     
    even_MAG-GUT12567.fa            0.21018                0.62857             7.1002e-12                0.16125            2     
    even_MAG-GUT1258.fa            0.086868                0.91313             2.2199e-14             6.1412e-14            2     
    even_MAG-GUT1263.fa             0.25139                0.25085                0.24887                0.24889            1     
    even_MAG-GUT12636.fa            0.19721                0.80279             2.2201e-14             4.8205e-07            2     
    even_MAG-GUT12643.fa            0.29012                0.70139             2.1327e-13              0.0084955            2     
    even_MAG-GUT12644.fa            0.22365                0.33374                0.21457                0.22804            2     
    even_MAG-GUT1265.fa            0.084373                0.91563             2.2199e-14              5.148e-14            2     
    even_MAG-GUT12655.fa           0.041095                 0.9589             2.2199e-14               2.22e-12            2     
    even_MAG-GUT1266.fa             0.25297                0.24912                0.24882                0.24909            1     
    even_MAG-GUT12678.fa            0.49886                0.50114             2.2204e-14             7.5036e-12            2     
    even_MAG-GUT12691.fa            0.97915               0.020847             1.1039e-12             4.3072e-11            1     
    even_MAG-GUT1270.fa             0.25407                0.25025                0.24784                0.24784            1     
    even_MAG-GUT1274.fa             0.05882                0.94118             2.2199e-14             4.7968e-14            2     
    even_MAG-GUT12744.fa            0.07096                0.92904             2.2199e-14             1.5419e-08            2     
    even_MAG-GUT12750.fa          0.0064352                0.99356             2.2198e-14             2.6316e-13            2     
    even_MAG-GUT12759.fa          0.0090266                0.99097             2.2198e-14             3.6617e-06            2     
    even_MAG-GUT1276.fa              0.2539                0.24971                0.24819                 0.2482            1     
    even_MAG-GUT12771.fa           0.067262                0.93271             1.2284e-12             2.4403e-05            2     
    even_MAG-GUT12789.fa           0.012259                0.98774             2.2198e-14             9.3929e-07            2     
    even_MAG-GUT12794.fa            0.80392                0.19608             2.2201e-14             4.3899e-10            1     
    even_MAG-GUT12797.fa            0.30223                0.23248                0.23245                0.23284            1     
    even_MAG-GUT1282.fa            0.079235                0.92076             2.2199e-14             2.2199e-14            2     
    even_MAG-GUT1287.fa             0.15324                0.84676             2.2201e-14             2.2201e-14            2     
    even_MAG-GUT1288.fa              0.2538                0.24943                0.24838                 0.2484            1     
    even_MAG-GUT12944.fa            0.96672               0.033278             1.3987e-13             2.0562e-07            1     
    even_MAG-GUT12945.fa            0.34228                0.65772             2.2203e-14             4.5751e-13            2     
    even_MAG-GUT12963.fa          0.0048793                0.99484             2.2199e-14             0.00028301            2     
    even_MAG-GUT1297.fa             0.25236                0.25295                0.24734                0.24735            2     
    even_MAG-GUT12991.fa            0.62324                0.37676             2.2203e-14             2.3529e-12            1     
    even_MAG-GUT13038.fa           0.013443                0.98656             2.2198e-14             1.5035e-06            2     
    even_MAG-GUT13040.fa           0.091941                0.90804             3.7077e-12             2.1401e-05            2     
    even_MAG-GUT13045.fa            0.01874               0.075588             2.2229e-14                0.90567            4     
    even_MAG-GUT13049.fa           0.072059                 0.9233             8.1506e-14              0.0046396            2     
    even_MAG-GUT13125.fa           0.025299                 0.9747             6.9994e-14             5.4926e-08            2     
    even_MAG-GUT13136.fa          0.0037057                0.99474               2.22e-14              0.0015538            2     
    even_MAG-GUT1315.fa             0.24952                0.24681                0.24516                0.25851            4     
    even_MAG-GUT13150.fa            0.31946                0.23175                 0.2244                 0.2244            1     
    even_MAG-GUT13170.fa            0.59617                0.40383             2.2204e-14             3.1888e-11            1     
    even_MAG-GUT13177.fa            0.37647                0.62353             2.2203e-14             4.4549e-12            2     
    even_MAG-GUT1318.fa             0.25317                0.24834                0.24822                0.25027            1     
    even_MAG-GUT1319.fa             0.25272                0.24901                0.24871                0.24956            1     
    even_MAG-GUT13227.fa            0.30647                0.69353             2.2203e-14              5.384e-10            2     
    even_MAG-GUT13230.fa           0.001325                0.99867             2.2198e-14             1.3722e-09            2     
    even_MAG-GUT13251.fa           0.016244                0.98376             2.2198e-14             2.2198e-14            2     
    even_MAG-GUT13273.fa          0.0013761                0.99862             2.2247e-14             4.6183e-07            2     
    even_MAG-GUT1328.fa             0.25184                0.24927                0.24882                0.25006            1     
    even_MAG-GUT13285.fa           0.021944                0.97806             2.2198e-14             3.7188e-10            2     
    even_MAG-GUT13293.fa            0.13931                 0.3718             1.4789e-12                0.48889            4     
    even_MAG-GUT13322.fa           0.088681                0.91129             2.2196e-14             3.0998e-05            2     
    even_MAG-GUT13333.fa            0.97921               0.020792             9.9478e-14             1.6515e-11            1     
    even_MAG-GUT13342.fa            0.21946                0.78054             2.2202e-14              2.257e-10            2     
    even_MAG-GUT1336.fa             0.22197                0.33854                0.21975                0.21975            2     
    even_MAG-GUT13363.fa          0.0093734                0.99063             2.2198e-14             1.6098e-13            2     
    even_MAG-GUT13422.fa           0.012876                0.98712             2.2198e-14             1.6075e-12            2     
    even_MAG-GUT13424.fa           0.042836                0.95716             2.2199e-14             2.7126e-10            2     
    even_MAG-GUT13441.fa           0.055136                0.94486             6.7615e-13             3.4749e-06            2     
    even_MAG-GUT13451.fa            0.27373                0.25835                0.23396                0.23396            1     
    even_MAG-GUT13478.fa           0.015184                0.98482             2.2198e-14              7.422e-13            2     
    even_MAG-GUT13480.fa            0.60576                0.39424             2.2203e-14             1.2152e-09            1     
    even_MAG-GUT13549.fa          0.0080593                0.99183             2.2198e-14              0.0001151            2     
    even_MAG-GUT1355.fa           0.0095571                0.99044             2.2198e-14             1.8271e-11            2     
    even_MAG-GUT1362.fa             0.25315                0.24821                0.24803                0.25061            1     
    even_MAG-GUT13633.fa           0.067527                0.93247             1.2376e-12             2.0692e-07            2     
    even_MAG-GUT13637.fa            0.53667                0.46333             2.2204e-14             3.4611e-12            1     
    even_MAG-GUT13646.fa            0.50226                0.49774             2.2204e-14             2.1424e-12            1     
    even_MAG-GUT1368.fa             0.25144                0.25008                 0.2492                0.24928            1     
    even_MAG-GUT1370.fa             0.21558                0.36006                0.21218                0.21218            2     
    even_MAG-GUT13704.fa          0.0081994                 0.9918             2.2198e-14             2.3755e-13            2     
    even_MAG-GUT13734.fa            0.43764                0.56236             2.2204e-14             1.1343e-12            2     
    even_MAG-GUT13749.fa            0.30777                0.69223             2.2203e-14             1.3426e-10            2     
    even_MAG-GUT1377.fa             0.33576                0.22168                0.22125                0.22132            1     
    even_MAG-GUT13790.fa            0.73179                0.26821             2.2202e-14             4.4084e-12            1     
    even_MAG-GUT13816.fa            0.45735                0.54265             2.2204e-14             3.2379e-12            2     
    even_MAG-GUT13830.fa          0.0062444                0.99376             2.2198e-14             2.8976e-12            2     
    even_MAG-GUT1384.fa             0.29483                0.23868                0.23323                0.23326            1     
    even_MAG-GUT13851.fa            0.17142                0.82858               2.22e-14               2.22e-14            2     
    even_MAG-GUT13856.fa            0.47987                0.52013             2.2204e-14             6.9542e-08            2     
    even_MAG-GUT13881.fa            0.85101                0.14899             2.2201e-14             9.9006e-11            1     
    even_MAG-GUT1389.fa             0.99005              0.0099528             6.9671e-12             6.9016e-08            1     
    even_MAG-GUT13897.fa           0.006224                0.99348             2.2198e-14             0.00029184            2     
    even_MAG-GUT1391.fa             0.24784                0.26472                0.24367                0.24376            2     
