MATLAB is selecting SOFTWARE OPENGL rendering.
[?1h=
                            < M A T L A B (R) >
                  Copyright 1984-2019 The MathWorks, Inc.
              R2019b Update 5 (9.7.0.1319299) 64-bit (glnxa64)
                             February 19, 2020

 
To get started, type doc.
For product information, visit www.mathworks.com.
 
[H[J
basePath = 

    ""


dataSetPath = 

    "/mnt/sda/DeepMicrobes-data/labeled_genome-r202/f__Clostridiaceae_split_pruned"


testSetPath = 

    "/mnt/sda/DeepMicrobes-data/labeled_genome-r202/hgr_mags/f__Clostridiaceae"

Reading sequences .... 
Starting parallel pool (parpool) using the 'local' profile ...
Starting parallel pool (parpool) using the 'local' profile ...
Starting parallel pool (parpool) using the 'local' profile ...
Starting parallel pool (parpool) using the 'local' profile ...
Starting parallel pool (parpool) using the 'local' profile ...
Starting parallel pool (parpool) using the 'local' profile ...
Starting parallel pool (parpool) using the 'local' profile ...
Starting parallel pool (parpool) using the 'local' profile ...
Generating CGRs.... 
totalSeq is: 1678
Starting parallel pool (parpool) using the 'local' profile ...
Starting parallel pool (parpool) using the 'local' profile ...
Computing disMat .... 
Starting parallel pool (parpool) using the 'local' profile ...
Performing classification .... 

minSeqLen =

     0


maxSeqLen =

     0

dataSet is:/mnt/sda/DeepMicrobes-data/labeled_genome-r202/hgr_mags/f__Clostridiaceae
Starting parallel pool (parpool) using the 'local' profile ...
Starting parallel pool (parpool) using the 'local' profile ...
Starting parallel pool (parpool) using the 'local' profile ...
numTestSeq is: 78

clusterNames =

  1x8 cell array

  Columns 1 through 3

    {'1-g__Clostridium'}    {'g__Clostridium_AA'}    {'g__Clostridium_B'}

  Columns 4 through 6

    {'g__Clostridium_F'}    {'g__Clostridium_J'}    {'g__Clostridium_L'}

  Columns 7 through 8

    {'g__Clostridium_P'}    {'g__Clostridium_X'}


clusterNames =

  1x8 cell array

  Columns 1 through 3

    {'1-g__Clostridium'}    {'2-g__Clostridi...'}    {'g__Clostridium_B'}

  Columns 4 through 6

    {'g__Clostridium_F'}    {'g__Clostridium_J'}    {'g__Clostridium_L'}

  Columns 7 through 8

    {'g__Clostridium_P'}    {'g__Clostridium_X'}


clusterNames =

  1x8 cell array

  Columns 1 through 3

    {'1-g__Clostridium'}    {'2-g__Clostridi...'}    {'3-g__Clostridi...'}

  Columns 4 through 6

    {'g__Clostridium_F'}    {'g__Clostridium_J'}    {'g__Clostridium_L'}

  Columns 7 through 8

    {'g__Clostridium_P'}    {'g__Clostridium_X'}


clusterNames =

  1x8 cell array

  Columns 1 through 3

    {'1-g__Clostridium'}    {'2-g__Clostridi...'}    {'3-g__Clostridi...'}

  Columns 4 through 6

    {'4-g__Clostridi...'}    {'g__Clostridium_J'}    {'g__Clostridium_L'}

  Columns 7 through 8

    {'g__Clostridium_P'}    {'g__Clostridium_X'}


clusterNames =

  1x8 cell array

  Columns 1 through 3

    {'1-g__Clostridium'}    {'2-g__Clostridi...'}    {'3-g__Clostridi...'}

  Columns 4 through 6

    {'4-g__Clostridi...'}    {'5-g__Clostridi...'}    {'g__Clostridium_L'}

  Columns 7 through 8

    {'g__Clostridium_P'}    {'g__Clostridium_X'}


clusterNames =

  1x8 cell array

  Columns 1 through 3

    {'1-g__Clostridium'}    {'2-g__Clostridi...'}    {'3-g__Clostridi...'}

  Columns 4 through 6

    {'4-g__Clostridi...'}    {'5-g__Clostridi...'}    {'6-g__Clostridi...'}

  Columns 7 through 8

    {'g__Clostridium_P'}    {'g__Clostridium_X'}


clusterNames =

  1x8 cell array

  Columns 1 through 3

    {'1-g__Clostridium'}    {'2-g__Clostridi...'}    {'3-g__Clostridi...'}

  Columns 4 through 6

    {'4-g__Clostridi...'}    {'5-g__Clostridi...'}    {'6-g__Clostridi...'}

  Columns 7 through 8

    {'7-g__Clostridi...'}    {'g__Clostridium_X'}


clusterNames =

  1x8 cell array

  Columns 1 through 3

    {'1-g__Clostridium'}    {'2-g__Clostridi...'}    {'3-g__Clostridi...'}

  Columns 4 through 6

    {'4-g__Clostridi...'}    {'5-g__Clostridi...'}    {'6-g__Clostridi...'}

  Columns 7 through 8

    {'7-g__Clostridi...'}    {'8-g__Clostridi...'}

  Columns 1 through 3

    '1-g__Clostridium'    '2-g__Clostridium_AA'    '3-g__Clostridium_B'

  Columns 4 through 6

    '4-g__Clostridium_F'    '5-g__Clostridium_J'    '6-g__Clostridium_L'

  Columns 7 through 8

    '7-g__Clostridium_P'    '8-g__Clostridium_X'


header =

  1x9 cell array

  Columns 1 through 3

    {'1-g__Clostridium'}    {'2-g__Clostridi...'}    {'3-g__Clostridi...'}

  Columns 4 through 6

    {'4-g__Clostridi...'}    {'5-g__Clostridi...'}    {'6-g__Clostridi...'}

  Columns 7 through 9

    {'7-g__Clostridi...'}    {'8-g__Clostridi...'}    {'prediction'}


T3 =

  78x9 table

                            1-g__Clostridium    2-g__Clostridium_AA    3-g__Clostridium_B    4-g__Clostridium_F    5-g__Clostridium_J    6-g__Clostridium_L    7-g__Clostridium_P    8-g__Clostridium_X    prediction
                            ________________    ___________________    __________________    __________________    __________________    __________________    __________________    __________________    __________

    even_MAG-GUT1081.fa        0.0097467            0.00055556              0.0008462             0.0011327               0.87257            0.0050878                0.11005            1.4544e-05            5     
    even_MAG-GUT1184.fa        0.0044064            0.00060389              0.0016041             0.0010543               0.87616            0.0047054                0.11146            4.2489e-06            5     
    even_MAG-GUT1214.fa        0.0037623            0.00072228              0.0025064            0.00098188               0.87892            0.0051069                0.10799            1.2945e-05            5     
    even_MAG-GUT1240.fa        0.0027201             0.0037115              0.0017333             0.0012496               0.88929             0.006928               0.094364            4.3317e-06            5     
    even_MAG-GUT1248.fa        0.0029257            0.00017865              0.0027793             0.0010211                0.8731            0.0048132                0.11517             1.432e-05            5     
    even_MAG-GUT1455.fa         0.005376            0.00030755              0.0016876             0.0011075                 0.918             0.005369               0.068137            1.6203e-05            5     
    even_MAG-GUT1488.fa        0.0023802            0.00040117              0.0042952             0.0011375               0.92734            0.0062407               0.058194            1.0487e-05            5     
    even_MAG-GUT1500.fa        0.0090756            0.00065429              0.0021972             0.0012951               0.86932            0.0063773                0.11107            9.4637e-06            5     
    even_MAG-GUT1509.fa        0.0021623              0.001222               0.018624             0.0014142               0.93493            0.0080009               0.033645            4.0216e-06            5     
    even_MAG-GUT1516.fa        0.0063878             0.0018123              0.0012407             0.0012132               0.90721            0.0064501               0.075684            4.0279e-06            5     
    even_MAG-GUT1578.fa          0.01335             0.0011114             0.00088141             0.0012278               0.89538            0.0049138               0.083129            8.7011e-06            5     
    even_MAG-GUT1882.fa        0.0025899            0.00075502              0.0040974            0.00089573               0.88016            0.0050846                0.10639            1.8224e-05            5     
    even_MAG-GUT1894.fa        0.0026933            0.00078205              0.0065498             0.0012796               0.93273            0.0080213               0.047936            8.1388e-06            5     
    even_MAG-GUT1915.fa        0.0021883            0.00090557              0.0021534              0.001065               0.89378             0.005423               0.094477            4.4592e-06            5     
    even_MAG-GUT21168.fa         0.98435             4.002e-07             3.9816e-05             0.0056779            0.00016299            0.0047664              0.0049799            2.5368e-05            1     
    even_MAG-GUT21728.fa         0.87548            0.00014972             7.1765e-05             0.0074913              0.039834             0.014385               0.062491            9.6343e-05            1     
    even_MAG-GUT2201.fa          0.17795              0.018493              0.0011551             0.0041311               0.70572             0.012333               0.080177            3.6917e-05            5     
    even_MAG-GUT2250.fa          0.46072               0.08608             0.00024335             0.0043219               0.37466             0.012735               0.061206            3.1582e-05            1     
    even_MAG-GUT2438.fa         0.040822              0.032907               0.004564             0.0017767               0.88134              0.01027               0.028298            2.3194e-05            5     
    even_MAG-GUT27453.fa        0.017743            0.00092259             0.00075779             0.0012606               0.89472             0.004691               0.079892            1.6488e-05            5     
    even_MAG-GUT3474.fa        0.0026548             0.0011681              0.0029549              0.001231               0.93144            0.0069826               0.053565            3.3788e-06            5     
    even_MAG-GUT3480.fa        0.0062713            0.00057013              0.0014201             0.0011196               0.83132             0.004006                0.15529            2.2247e-06            5     
    even_MAG-GUT36616.fa         0.38921            0.00078083              0.0010215             0.0036025               0.50332             0.011166               0.090754            0.00014812            5     
    even_MAG-GUT36756.fa         0.29588             0.0037735              0.0031989              0.005289               0.55162             0.017462                0.12269             9.483e-05            5     
    even_MAG-GUT41852.fa         0.19765              0.025986              0.0066787             0.0071035               0.64081             0.024616               0.097115             3.719e-05            5     
    even_MAG-GUT42578.fa         0.85364            1.1925e-06             1.7043e-05             0.0055711            0.00024053            0.0063759                0.13405            0.00010191            1     
    even_MAG-GUT43402.fa       0.0026772            0.00055482              0.0026189              0.001213               0.90745            0.0056635               0.079817            3.8804e-06            5     
    even_MAG-GUT43491.fa       0.0010649            0.00033524              0.0026328            0.00093086               0.87205            0.0040866                 0.1189            3.6927e-06            5     
    even_MAG-GUT43515.fa       0.0032517             0.0014663              0.0011192             0.0011448               0.89176            0.0063265               0.094922            4.6831e-06            5     
    even_MAG-GUT44179.fa       0.0023153             0.0025598              0.0013328            0.00094119               0.80766            0.0058901                0.17929            5.6967e-06            5     
    even_MAG-GUT45687.fa       0.0028317            0.00069646              0.0075696            0.00095065               0.89227            0.0061735               0.089476            3.3244e-05            5     
    even_MAG-GUT46783.fa        0.019026              0.016257              0.0083838              0.001627               0.91195            0.0071023               0.035646            6.4422e-06            5     
    even_MAG-GUT47637.fa       0.0016178            0.00057879              0.0079349             0.0010685               0.86975             0.006356                0.11269            4.6468e-06            5     
    even_MAG-GUT47723.fa       0.0041169            0.00029512              0.0038776             0.0011179               0.91988             0.005014               0.065693            8.3253e-06            5     
    even_MAG-GUT47782.fa       0.0014178            0.00061504              0.0036559               0.00114               0.91703            0.0057423               0.070398            4.9744e-06            5     
    even_MAG-GUT48571.fa       0.0041999             0.0013259              0.0015871             0.0013502               0.95348            0.0060558               0.031991            7.6821e-06            5     
    even_MAG-GUT48940.fa        0.026635            0.00050144             0.00040587             0.0011632               0.87048            0.0046503               0.096144             2.261e-05            5     
    even_MAG-GUT49005.fa       0.0040202             0.0001823              0.0051911             0.0012321               0.94078            0.0057383               0.042848            1.0754e-05            5     
    even_MAG-GUT49071.fa       0.0073047             0.0015573               0.004145             0.0012284               0.93268            0.0068617               0.046196            3.1789e-05            5     
    even_MAG-GUT49179.fa       0.0041549            0.00095263              0.0017986            0.00086828               0.85493            0.0047043                0.13256            2.9669e-05            5     
    even_MAG-GUT66152.fa          0.9932            6.4701e-07             1.8479e-05             0.0027393            0.00033367            0.0029118              0.0007806            1.0803e-05            1     
    even_MAG-GUT66408.fa         0.69733            0.00088999              0.0017609             0.0022159               0.13208             0.012884                0.15267            0.00017161            1     
    even_MAG-GUT70165.fa        0.085984              0.040175              0.0076919             0.0029291               0.81085            0.0094683               0.042875             2.686e-05            5     
    even_MAG-GUT70664.fa        0.075651             0.0013327              0.0023349             0.0016149               0.56459            0.0098669                0.34459             1.693e-05            5     
    even_MAG-GUT71347.fa         0.52518              0.047835             0.00046914             0.0053408               0.29895             0.015829                0.10631            8.5453e-05            1     
    even_MAG-GUT7285.fa         0.018463            0.00058626              0.0017719             0.0010797               0.79156             0.003758                0.18277            1.9261e-06            5     
    even_MAG-GUT74675.fa          0.0128              0.017424              0.0038143             0.0012549               0.91174            0.0083041               0.044645            1.3214e-05            5     
    even_MAG-GUT7751.fa          0.99568            4.8931e-08             9.5569e-06             0.0019098             1.009e-05            0.0019261             0.00045666            6.0411e-06            1     
    even_MAG-GUT89102.fa        0.003368             0.0003001              0.0017568             0.0010037                0.8463            0.0035157                0.14375             1.664e-06            5     
    even_MAG-GUT89255.fa        0.011775            0.00057755              0.0022137             0.0010709                0.8411            0.0047291                0.13852            9.6751e-06            5     
    even_MAG-GUT89282.fa        0.012726            0.00043204              0.0023238             0.0010764               0.81051            0.0040315                0.16889            3.1894e-06            5     
    even_MAG-GUT89309.fa       0.0035328             0.0027104              0.0020387             0.0010341               0.87886             0.006534                0.10529            1.8993e-06            5     
    even_MAG-GUT89335.fa       0.0087311             0.0023753              0.0046095              0.001034               0.86657            0.0066366                0.11004            7.1973e-06            5     
    even_MAG-GUT89577.fa        0.036409             0.0014375             0.00095616             0.0011246               0.80822            0.0033413                0.14851            3.4788e-06            5     
    even_MAG-GUT89735.fa       0.0054901             0.0023119              0.0043406            0.00090437               0.83621            0.0062114                0.14453            2.5803e-06            5     
    even_MAG-GUT89747.fa        0.088389            0.00077679             0.00053737             0.0014507                 0.738            0.0043169                0.16652             4.065e-06            5     
    even_MAG-GUT89833.fa        0.021663             0.0007139              0.0045148             0.0012953               0.87486            0.0041505               0.092799            2.1111e-06            5     
    even_MAG-GUT89836.fa       0.0089303            0.00025295              0.0012406             0.0010796               0.88762            0.0035023                0.09737            5.1324e-06            5     
    even_MAG-GUT90694.fa        0.010877            0.00032994              0.0020205             0.0011695               0.75642            0.0043626                0.22481            2.6081e-06            5     
    even_MAG-GUT91110.fa        0.021663             0.0007139              0.0045148             0.0012953               0.87486            0.0041505               0.092799            2.1111e-06            5     
    even_MAG-GUT91199.fa        0.001417             0.0008269              0.0032561             0.0011349                0.9028            0.0060416                0.08452            2.7571e-06            5     
    even_MAG-GUT91265.fa       0.0089871             0.0011146             0.00095643             0.0011569               0.89861            0.0045675               0.084601            6.4787e-06            5     
    even_MAG-GUT91359.fa        0.011563            0.00065017             0.00088729             0.0011185                 0.869            0.0050462                0.11173            8.2538e-06            5     
    even_MAG-GUT91370.fa       0.0055557             0.0013775              0.0062826             0.0014837               0.85846            0.0089477                0.11789            6.7621e-06            5     
    even_MAG-GUT91379.fa       0.0036532            0.00016891              0.0031173             0.0012138               0.94324            0.0050802               0.043521            4.6038e-06            5     
    even_MAG-GUT91430.fa       0.0013098             0.0015074              0.0030094            0.00096753                0.8572            0.0064094                0.12959            4.3455e-06            5     
    even_MAG-GUT91432.fa       0.0036918            0.00083398              0.0023346             0.0011919               0.93401            0.0051552               0.052769            9.2204e-06            5     
    even_MAG-GUT91493.fa       0.0015955            0.00037722              0.0052258              0.001228               0.95911              0.00597               0.026491            7.5047e-06            5     
    even_MAG-GUT91537.fa       0.0005811            0.00051165              0.0047633             0.0012395               0.91147            0.0065293               0.074905            2.6167e-06            5     
    even_MAG-GUT91584.fa       0.0039072            0.00051351              0.0026429              0.001133                0.9114            0.0057377               0.074659            1.0777e-05            5     
    even_MAG-GUT91622.fa       0.0034286            0.00079952              0.0039255             0.0011187               0.92274             0.004865               0.063113            1.2624e-05            5     
    even_MAG-GUT91705.fa       0.0024993             0.0011725              0.0069274             0.0015377               0.95425            0.0080094               0.025592            7.1248e-06            5     
    even_MAG-GUT91816.fa       0.0033586             0.0019311              0.0096059             0.0013635               0.95551            0.0085189               0.019701            1.1062e-05            5     
    even_MAG-GUT91830.fa       0.0011086            0.00058138              0.0033757             0.0010224               0.90867            0.0055587               0.079676            3.2999e-06            5     
    even_MAG-GUT91887.fa       0.0015023            0.00024878               0.004532             0.0010617               0.88209             0.005064                 0.1055            6.2348e-06            5     
    even_MAG-GUT91939.fa       0.0020133            0.00019554              0.0053132             0.0011138               0.91567            0.0052656               0.070421            9.0912e-06            5     
    even_MAG-GUT91958.fa       0.0059052            0.00039024              0.0024023            0.00099989               0.88977              0.00494               0.095578            1.5023e-05            5     
    even_MAG-GUT91967.fa        0.025525             0.0018551             0.00098234             0.0010889               0.86443            0.0053304                0.10074             4.726e-05            5     


outputPath = 

    ""


outputPath = 

    "outputs-HGR-r202/test-f__Clostridiaceae_split_pruned.xlsx"

Process completed 
[?1l>