MATLAB is selecting SOFTWARE OPENGL rendering.
[?1h=
                            < M A T L A B (R) >
                  Copyright 1984-2019 The MathWorks, Inc.
              R2019b Update 5 (9.7.0.1319299) 64-bit (glnxa64)
                             February 19, 2020

 
To get started, type doc.
For product information, visit www.mathworks.com.
 
[H[J
basePath = 

    ""


dataSetPath = 

    "/mnt/sda/DeepMicrobes-data/labeled_genome-r202/f__CAG-239_split_pruned"


testSetPath = 

    "/mnt/sda/DeepMicrobes-data/labeled_genome-r202/hgr_mags/f__CAG-239"

Reading sequences .... 
Starting parallel pool (parpool) using the 'local' profile ...
Starting parallel pool (parpool) using the 'local' profile ...
Starting parallel pool (parpool) using the 'local' profile ...
Starting parallel pool (parpool) using the 'local' profile ...
Generating CGRs.... 
totalSeq is: 914
Starting parallel pool (parpool) using the 'local' profile ...
Starting parallel pool (parpool) using the 'local' profile ...
Computing disMat .... 
Starting parallel pool (parpool) using the 'local' profile ...
Performing classification .... 

minSeqLen =

     0


maxSeqLen =

     0

dataSet is:/mnt/sda/DeepMicrobes-data/labeled_genome-r202/hgr_mags/f__CAG-239
Starting parallel pool (parpool) using the 'local' profile ...
Starting parallel pool (parpool) using the 'local' profile ...
Starting parallel pool (parpool) using the 'local' profile ...
numTestSeq is: 133

clusterNames =

  1x4 cell array

    {'1-g__51-20'}    {'g__CAG-267'}    {'g__CAG-495'}    {'g__RUG410'}


clusterNames =

  1x4 cell array

    {'1-g__51-20'}    {'2-g__CAG-267'}    {'g__CAG-495'}    {'g__RUG410'}


clusterNames =

  1x4 cell array

    {'1-g__51-20'}    {'2-g__CAG-267'}    {'3-g__CAG-495'}    {'g__RUG410'}


clusterNames =

  1x4 cell array

    {'1-g__51-20'}    {'2-g__CAG-267'}    {'3-g__CAG-495'}    {'4-g__RUG410'}

    '1-g__51-20'    '2-g__CAG-267'    '3-g__CAG-495'    '4-g__RUG410'


header =

  1x5 cell array

  Columns 1 through 4

    {'1-g__51-20'}    {'2-g__CAG-267'}    {'3-g__CAG-495'}    {'4-g__RUG410'}

  Column 5

    {'prediction'}


T3 =

  133x5 table

                            1-g__51-20    2-g__CAG-267    3-g__CAG-495    4-g__RUG410    prediction
                            __________    ____________    ____________    ___________    __________

    even_MAG-GUT11037.fa     0.0056012     0.00065222         0.99375     2.9021e-09         3     
    even_MAG-GUT11468.fa     0.0071678       0.011071         0.98176     5.8838e-13         3     
    even_MAG-GUT11535.fa       0.99575      0.0017399       0.0025052     2.2202e-14         1     
    even_MAG-GUT11596.fa     0.0040877     0.00012694         0.99579     8.9012e-10         3     
    even_MAG-GUT11640.fa    0.00025453      0.0059064         0.99384     2.1582e-11         3     
    even_MAG-GUT11729.fa    0.00074888      0.0071153         0.99214     1.7552e-11         3     
    even_MAG-GUT11931.fa       0.98975      0.0083638       0.0018813       2.22e-14         1     
    even_MAG-GUT12173.fa       0.12334       0.013802         0.86286     1.0062e-09         3     
    even_MAG-GUT12225.fa     0.0043621     0.00020235         0.99544     7.7022e-11         3     
    even_MAG-GUT12256.fa      0.002024        0.00167         0.99631     1.4033e-13         3     
    even_MAG-GUT12267.fa    0.00038895     5.8869e-05         0.99955     1.5601e-07         3     
    even_MAG-GUT12348.fa       0.99051      0.0037678       0.0057238     2.2204e-14         1     
    even_MAG-GUT12377.fa    0.00011113     0.00015731         0.99973     1.4017e-11         3     
    even_MAG-GUT12481.fa     0.0014033     0.00042147         0.99818     1.4703e-09         3     
    even_MAG-GUT12789.fa       0.98276       0.013574       0.0036618       2.22e-14         1     
    even_MAG-GUT13549.fa       0.96478     0.00010584         0.03511     2.2186e-14         1     
    even_MAG-GUT14112.fa       0.98935      0.0098934      0.00075214     2.2196e-14         1     
    even_MAG-GUT14915.fa       0.99517      0.0023772       0.0024557     3.1911e-14         1     
    even_MAG-GUT19089.fa     0.0010791       0.021119          0.9778     2.8784e-07         3     
    even_MAG-GUT23979.fa       0.00077      0.0030169         0.99621     3.4127e-08         3     
    even_MAG-GUT27476.fa     0.0034618       0.023508         0.97303     2.2189e-10         3     
    even_MAG-GUT27501.fa      0.017771       0.025542         0.95669     1.6197e-11         3     
    even_MAG-GUT2752.fa     0.00035426      0.0030203         0.99663      8.125e-14         3     
    even_MAG-GUT27783.fa     0.0013593      0.0033224         0.99532     1.3287e-12         3     
    even_MAG-GUT28018.fa    0.00060291      0.0024346         0.99696     5.0457e-12         3     
    even_MAG-GUT28028.fa     0.0077889      0.0081034         0.98411     9.7866e-13         3     
    even_MAG-GUT28206.fa    0.00077478      0.0087395         0.99049     6.4364e-11         3     
    even_MAG-GUT28651.fa     0.0017034     0.00023726         0.99806     5.6767e-09         3     
    even_MAG-GUT28666.fa     1.871e-05     0.00013296         0.99985      3.008e-09         3     
    even_MAG-GUT28677.fa    0.00094828     0.00016965         0.99888     5.2366e-09         3     
    even_MAG-GUT28702.fa     0.0061537      0.0016207         0.99223       2.45e-09         3     
    even_MAG-GUT28960.fa       0.98105      0.0009297        0.018018     9.2416e-14         1     
    even_MAG-GUT28964.fa       0.98377      0.0042663         0.01196     1.0161e-13         1     
    even_MAG-GUT28976.fa       0.96819      0.0011742        0.030635     3.1778e-11         1     
    even_MAG-GUT29001.fa       0.96759      0.0034279        0.028984     2.6236e-11         1     
    even_MAG-GUT29175.fa     0.0022693      0.0012807         0.99645     3.6371e-08         3     
    even_MAG-GUT29239.fa     0.0026995      0.0050651         0.99224     2.5591e-13         3     
    even_MAG-GUT2937.fa      0.0032949      0.0097829         0.98692     2.1272e-09         3     
    even_MAG-GUT29515.fa    0.00052555     5.2621e-05         0.99942     4.8776e-10         3     
    even_MAG-GUT29569.fa     0.0048538     0.00057826         0.99457     7.1608e-09         3     
    even_MAG-GUT31276.fa    0.00050211     2.5152e-05         0.99947     4.8105e-09         3     
    even_MAG-GUT31702.fa     0.0077882     0.00013523         0.99208     4.5857e-09         3     
    even_MAG-GUT32803.fa     0.0019986      0.0073325         0.99067     5.6378e-12         3     
    even_MAG-GUT37249.fa       0.99059      0.0072816       0.0021267     9.1691e-14         1     
    even_MAG-GUT37818.fa       0.99145     0.00039886       0.0081548     2.4713e-13         1     
    even_MAG-GUT39588.fa     0.0029207     6.9317e-05         0.99701     1.3049e-08         3     
    even_MAG-GUT399.fa      0.00031111     0.00011442         0.99957      2.702e-11         3     
    even_MAG-GUT40004.fa     0.0092969       0.010312         0.98039     4.4407e-06         3     
    even_MAG-GUT40305.fa     0.0001505       0.029147          0.9707     9.1154e-13         3     
    even_MAG-GUT40499.fa     0.0091026       0.011061         0.97984     2.8439e-13         3     
    even_MAG-GUT40831.fa     0.0031729      0.0027102         0.99412     4.1857e-13         3     
    even_MAG-GUT42116.fa       0.89943     0.00014329         0.10029      0.0001381         1     
    even_MAG-GUT42210.fa    0.00081194     0.00050548         0.99868     3.8325e-08         3     
    even_MAG-GUT42294.fa     0.0085999      0.0040722         0.98733     1.1674e-09         3     
    even_MAG-GUT43269.fa     0.0049751     0.00047633         0.99455     1.5948e-09         3     
    even_MAG-GUT43691.fa     0.0023864     0.00010299         0.99751     2.2547e-09         3     
    even_MAG-GUT44748.fa    0.00045952     0.00098877         0.99855     9.9332e-10         3     
    even_MAG-GUT45352.fa     0.0053136      0.0040092         0.99068     3.3075e-09         3     
    even_MAG-GUT45758.fa     0.0017926       0.025723         0.97248     8.4717e-12         3     
    even_MAG-GUT46039.fa      0.006276     7.9766e-05         0.99364     8.9478e-11         3     
    even_MAG-GUT48302.fa    0.00083895       0.017057          0.9821     1.4918e-12         3     
    even_MAG-GUT50003.fa     0.0016262      0.0010581         0.99732     9.9863e-10         3     
    even_MAG-GUT50015.fa    0.00079856     0.00012958         0.99907      3.111e-10         3     
    even_MAG-GUT50866.fa       0.99078     4.5903e-05       0.0091698     3.6986e-08         1     
    even_MAG-GUT50872.fa        0.9651     5.0226e-05        0.034849     6.0253e-08         1     
    even_MAG-GUT50906.fa      0.010956      0.0044592         0.98458     1.7435e-12         3     
    even_MAG-GUT50925.fa     0.0045072      0.0079275         0.98757     1.3723e-11         3     
    even_MAG-GUT50928.fa      0.001255      0.0022475          0.9965     2.4257e-12         3     
    even_MAG-GUT50936.fa     0.0033835       0.010489         0.98613     5.7285e-11         3     
    even_MAG-GUT53133.fa     0.0013591      0.0084064         0.99023     9.4807e-12         3     
    even_MAG-GUT65550.fa     0.0092969       0.010312         0.98039     4.4407e-06         3     
    even_MAG-GUT65895.fa     0.0074914       0.021737         0.97077     1.0799e-10         3     
    even_MAG-GUT6623.fa        0.92574     2.3558e-05        0.074209     2.3354e-05         1     
    even_MAG-GUT66279.fa      0.008332     0.00058448         0.99108     1.8252e-08         3     
    even_MAG-GUT66843.fa     0.0028239       0.022005         0.97517     2.6103e-12         3     
    even_MAG-GUT66846.fa     0.0040062      0.0050493         0.99094      7.924e-10         3     
    even_MAG-GUT6708.fa       0.027023      0.0018523         0.97112     1.8035e-08         3     
    even_MAG-GUT67550.fa     0.0026986      0.0010227         0.99628      1.644e-11         3     
    even_MAG-GUT67681.fa     0.0021092      0.0039198         0.99397     1.3361e-10         3     
    even_MAG-GUT67689.fa     0.0044692      0.0017998         0.99373     2.8817e-08         3     
    even_MAG-GUT68091.fa     0.0020905       0.018371         0.97954     2.9013e-07         3     
    even_MAG-GUT68308.fa     0.0010369      0.0013218         0.99764     2.6881e-08         3     
    even_MAG-GUT68561.fa     0.0027282      0.0014455         0.99583     3.4404e-09         3     
    even_MAG-GUT68780.fa     0.0061667      0.0021976         0.99164      3.299e-09         3     
    even_MAG-GUT69595.fa    0.00010975      0.0021882          0.9977     2.8107e-08         3     
    even_MAG-GUT69640.fa      0.054924      0.0017849         0.94329     8.1863e-08         3     
    even_MAG-GUT69665.fa    0.00035881      0.0006344         0.99901     1.6571e-09         3     
    even_MAG-GUT69729.fa     0.0049818      0.0054672         0.98955     1.0422e-13         3     
    even_MAG-GUT70973.fa       0.98465      0.0085191       0.0068263     2.1738e-10         1     
    even_MAG-GUT71390.fa    0.00068832      0.0070942         0.99222     1.0908e-11         3     
    even_MAG-GUT72079.fa    4.2552e-05     0.00041591         0.99954      9.758e-09         3     
    even_MAG-GUT72100.fa     0.0049027     8.6755e-05         0.99501     3.0872e-08         3     
    even_MAG-GUT72283.fa     0.0044456      0.0042151         0.99134     4.8796e-12         3     
    even_MAG-GUT72571.fa      0.011425        0.00713         0.98145     3.0658e-11         3     
    even_MAG-GUT72585.fa    0.00044597       0.018861         0.98069     3.2227e-11         3     
    even_MAG-GUT72832.fa      0.006565      0.0025322          0.9909     3.2341e-11         3     
    even_MAG-GUT72841.fa     0.0047348       0.014496         0.98077     5.2292e-13         3     
    even_MAG-GUT73024.fa     0.0026557      0.0040842         0.99326     2.2857e-10         3     
    even_MAG-GUT73734.fa      0.001659      0.0032289         0.99511     1.9572e-12         3     
    even_MAG-GUT73909.fa     0.0046152      0.0062146         0.98917     1.1697e-12         3     
    even_MAG-GUT73910.fa     0.0039238     0.00027486          0.9958     2.5633e-14         3     
    even_MAG-GUT74302.fa     0.0034437      0.0026826         0.99387     7.2947e-09         3     
    even_MAG-GUT74323.fa     0.0010139     0.00025012         0.99874     1.3163e-08         3     
    even_MAG-GUT74335.fa     0.0016505     6.3947e-05         0.99829     2.0091e-09         3     
    even_MAG-GUT75478.fa    0.00090125     0.00069776          0.9984     1.0098e-08         3     
    even_MAG-GUT76906.fa     0.0010051      0.0049213         0.99407     4.3007e-08         3     
    even_MAG-GUT76981.fa    0.00011622      0.0024419         0.99744     5.8478e-09         3     
    even_MAG-GUT76988.fa    0.00078331      0.0047905         0.99443     6.6745e-09         3     
    even_MAG-GUT76995.fa     0.0081283      0.0019207         0.98995     2.1958e-11         3     
    even_MAG-GUT77004.fa    4.3984e-05      0.0019551           0.998     1.5175e-08         3     
    even_MAG-GUT77348.fa    0.00089192      0.0031369         0.99597     1.0583e-12         3     
    even_MAG-GUT77357.fa     0.0080597      0.0041481         0.98779     1.4729e-13         3     
    even_MAG-GUT77371.fa     0.0020464      0.0015304         0.99642     6.4132e-14         3     
    even_MAG-GUT77389.fa     0.0028549      0.0012022         0.99594     7.8969e-14         3     
    even_MAG-GUT77514.fa       0.99341      0.0016838       0.0049026     2.2201e-14         1     
    even_MAG-GUT77526.fa       0.95323     8.4619e-05        0.046689     2.2184e-14         1     
    even_MAG-GUT77839.fa     0.0046613      0.0012761         0.99406      4.093e-08         3     
    even_MAG-GUT82789.fa     0.0068375     0.00090734         0.99226     1.0745e-13         3     
    even_MAG-GUT83640.fa     0.0037078      0.0044101         0.99188     3.2579e-10         3     
    even_MAG-GUT83666.fa     0.0013137     0.00026624         0.99842     5.5379e-14         3     
    even_MAG-GUT83683.fa     0.0082007      0.0089423         0.98286     4.2388e-11         3     
    even_MAG-GUT84088.fa     0.0014255     0.00068262         0.99789     7.5781e-12         3     
    even_MAG-GUT84361.fa      0.005135      0.0032523         0.99161     2.1079e-11         3     
    even_MAG-GUT84374.fa      0.010558       0.020495         0.96895     2.4147e-10         3     
    even_MAG-GUT84479.fa     0.0033408      0.0035447         0.99311     5.6037e-10         3     
    even_MAG-GUT85462.fa     0.0025239      0.0015225         0.99595     8.7894e-13         3     
    even_MAG-GUT85601.fa      0.015256      0.0026083         0.98214     1.5092e-11         3     
    even_MAG-GUT85702.fa     0.0011237      0.0047692         0.99411     4.6862e-13         3     
    even_MAG-GUT85992.fa    0.00063081       0.019652         0.97972     5.9826e-13         3     
    even_MAG-GUT86329.fa     0.0048945       0.013301          0.9818     1.1513e-13         3     
    even_MAG-GUT86341.fa    0.00016976      0.0078459         0.99198     4.5544e-12         3     
    even_MAG-GUT86352.fa      0.012076       0.022873         0.96505     1.7866e-11         3     
    even_MAG-GUT86570.fa     0.0057575       0.012626         0.98162     2.4104e-12         3     


outputPath = 

    ""


outputPath = 

    "outputs-HGR-r202/test-f__CAG-239_split_pruned.xlsx"

Process completed 
[?1l>