MATLAB is selecting SOFTWARE OPENGL rendering.
[?1h=
                            < M A T L A B (R) >
                  Copyright 1984-2019 The MathWorks, Inc.
              R2019b Update 5 (9.7.0.1319299) 64-bit (glnxa64)
                             February 19, 2020

 
To get started, type doc.
For product information, visit www.mathworks.com.
 
[H[J
dataSetPath = 

    "/mnt/sda/DeepMicrobes-data/labeled_genome-r202/f__Enterococcaceae_split_pruned"


testSetPath = 

    "/mnt/sda/DeepMicrobes-data/labeled_genome-r202/hgr_mags/f__Enterococcaceae"

Reading sequences .... 
Starting parallel pool (parpool) using the 'local' profile ...
Starting parallel pool (parpool) using the 'local' profile ...
Starting parallel pool (parpool) using the 'local' profile ...
Starting parallel pool (parpool) using the 'local' profile ...
Starting parallel pool (parpool) using the 'local' profile ...
Generating CGRs.... 
totalSeq is: 581
Starting parallel pool (parpool) using the 'local' profile ...
Starting parallel pool (parpool) using the 'local' profile ...
Computing disMat .... 
Starting parallel pool (parpool) using the 'local' profile ...
Performing classification .... 

minSeqLen =

     0


maxSeqLen =

     0

dataSet is:/mnt/sda/DeepMicrobes-data/labeled_genome-r202/hgr_mags/f__Enterococcaceae
Starting parallel pool (parpool) using the 'local' profile ...
Starting parallel pool (parpool) using the 'local' profile ...
Starting parallel pool (parpool) using the 'local' profile ...
numTestSeq is: 297

clusterNames =

  1x5 cell array

  Columns 1 through 3

    {'1-g__Enterococcus'}    {'g__Enterococcus_A'}    {'g__Enterococcus_B'}

  Columns 4 through 5

    {'g__Enterococcus_C'}    {'g__Enterococcus_D'}


clusterNames =

  1x5 cell array

  Columns 1 through 3

    {'1-g__Enterococcus'}    {'2-g__Enterococ...'}    {'g__Enterococcus_B'}

  Columns 4 through 5

    {'g__Enterococcus_C'}    {'g__Enterococcus_D'}


clusterNames =

  1x5 cell array

  Columns 1 through 3

    {'1-g__Enterococcus'}    {'2-g__Enterococ...'}    {'3-g__Enterococ...'}

  Columns 4 through 5

    {'g__Enterococcus_C'}    {'g__Enterococcus_D'}


clusterNames =

  1x5 cell array

  Columns 1 through 3

    {'1-g__Enterococcus'}    {'2-g__Enterococ...'}    {'3-g__Enterococ...'}

  Columns 4 through 5

    {'4-g__Enterococ...'}    {'g__Enterococcus_D'}


clusterNames =

  1x5 cell array

  Columns 1 through 3

    {'1-g__Enterococcus'}    {'2-g__Enterococ...'}    {'3-g__Enterococ...'}

  Columns 4 through 5

    {'4-g__Enterococ...'}    {'5-g__Enterococ...'}

  Columns 1 through 3

    '1-g__Enterococcus'    '2-g__Enterococcus_A'    '3-g__Enterococcus_B'

  Columns 4 through 5

    '4-g__Enterococcus_C'    '5-g__Enterococcus_D'


header =

  1x6 cell array

  Columns 1 through 3

    {'1-g__Enterococcus'}    {'2-g__Enterococ...'}    {'3-g__Enterococ...'}

  Columns 4 through 6

    {'4-g__Enterococ...'}    {'5-g__Enterococ...'}    {'prediction'}


T3 =

  297x6 table

                            1-g__Enterococcus    2-g__Enterococcus_A    3-g__Enterococcus_B    4-g__Enterococcus_C    5-g__Enterococcus_D    prediction
                            _________________    ___________________    ___________________    ___________________    ___________________    __________

    even_MAG-GUT1029.fa           0.35193               0.32791                0.12049               0.027476                0.1722              1     
    even_MAG-GUT1036.fa           0.33403               0.33819                0.19726               0.048342              0.082171              2     
    even_MAG-GUT1037.fa           0.32229               0.28175                 0.1596               0.038922               0.19743              1     
    even_MAG-GUT1047.fa           0.32229               0.28175                 0.1596               0.038922               0.19743              1     
    even_MAG-GUT1052.fa           0.32094               0.26986                0.15637                0.10902               0.14381              1     
    even_MAG-GUT1055.fa           0.32745               0.12671                0.22417               0.090929               0.23075              1     
    even_MAG-GUT1062.fa           0.35432               0.25475                0.12139               0.099801               0.16974              1     
    even_MAG-GUT1077.fa           0.32056                0.1882                0.20458               0.072303               0.21435              1     
    even_MAG-GUT1088.fa           0.30391                0.2873                0.18887               0.069833                0.1501              1     
    even_MAG-GUT1103.fa           0.33819               0.15835                0.17068               0.083446               0.24933              1     
    even_MAG-GUT1160.fa           0.36226               0.17502                0.26475                0.09703               0.10094              1     
    even_MAG-GUT1169.fa           0.36291               0.25678                0.16628               0.063067               0.15096              1     
    even_MAG-GUT1171.fa            0.3783               0.32923               0.086836               0.055844               0.14979              1     
    even_MAG-GUT1173.fa           0.34806               0.25043                 0.1389                0.11068               0.15194              1     
    even_MAG-GUT1177.fa           0.37056               0.18532                0.26164               0.054283                0.1282              1     
    even_MAG-GUT1196.fa           0.33755               0.21834                0.18886               0.070118               0.18513              1     
    even_MAG-GUT1197.fa           0.37853               0.28963                0.11452               0.073601               0.14372              1     
    even_MAG-GUT1228.fa           0.37853               0.28963                0.11452               0.073601               0.14372              1     
    even_MAG-GUT1236.fa           0.32703               0.29932                0.10697               0.046534               0.22015              1     
    even_MAG-GUT1242.fa           0.35508               0.37984               0.099498               0.043119               0.12246              2     
    even_MAG-GUT1244.fa           0.30407               0.23016                0.14855                0.12283               0.19439              1     
    even_MAG-GUT1255.fa           0.30407               0.23016                0.14855                0.12283               0.19439              1     
    even_MAG-GUT1266.fa           0.28762               0.20065                0.22785                0.10632               0.17756              1     
    even_MAG-GUT1270.fa          0.014649              0.056638               0.076455                0.01954               0.83272              5     
    even_MAG-GUT1276.fa          0.023891                0.1467                0.11863               0.015053               0.69572              5     
    even_MAG-GUT1288.fa          0.018223              0.046524                0.19543               0.020307               0.71952              5     
    even_MAG-GUT1297.fa          0.016154               0.16203               0.076056               0.013111               0.73265              5     
    even_MAG-GUT1315.fa         0.0055187            0.00079107                 0.9221                0.01157              0.060023              3     
    even_MAG-GUT1318.fa           0.33176               0.26386                 0.1297               0.049767               0.22492              1     
    even_MAG-GUT1319.fa            0.3128               0.38585               0.038937                0.03233               0.23008              2     
    even_MAG-GUT1328.fa           0.37056               0.18532                0.26164               0.054283                0.1282              1     
    even_MAG-GUT1336.fa         0.0038572             0.0021638                0.90648              0.0045157              0.082982              3     
    even_MAG-GUT1362.fa           0.34138               0.19428                0.18549               0.067338               0.21151              1     
    even_MAG-GUT1368.fa            0.3346               0.26416                0.13756               0.093895               0.16978              1     
    even_MAG-GUT1370.fa          0.002454             0.0016509                0.97077               0.001552              0.023576              3     
    even_MAG-GUT1391.fa          0.034046              0.033703                0.79655                 0.0143                0.1214              3     
    even_MAG-GUT1393.fa         0.0012947            0.00043494                0.96599             0.00076466              0.031516              3     
    even_MAG-GUT1396.fa           0.34018              0.086526                0.21614               0.084007               0.27315              1     
    even_MAG-GUT1457.fa         0.0041362            0.00028981                0.95429              0.0081302              0.033151              3     
    even_MAG-GUT1477.fa           0.32329               0.16373                 0.1743                0.19417               0.14451              1     
    even_MAG-GUT1479.fa         0.0017839             0.0024206                0.97398              0.0026682              0.019143              3     
    even_MAG-GUT1498.fa           0.33295               0.22869                0.15516               0.099996                0.1832              1     
    even_MAG-GUT1511.fa           0.33365                0.1161                0.21073                0.13921               0.20032              1     
    even_MAG-GUT1522.fa           0.32562               0.32488                0.10358               0.027266               0.21866              1     
    even_MAG-GUT1541.fa         0.0013138            2.8606e-05                0.98091             0.00063715              0.017106              3     
    even_MAG-GUT1565.fa           0.33365                0.1161                0.21073                0.13921               0.20032              1     
    even_MAG-GUT17288.fa        0.0060535             0.0038576                0.81133             0.00076458               0.17799              3     
    even_MAG-GUT17314.fa          0.34486               0.19825                0.22657               0.068922                0.1614              1     
    even_MAG-GUT17776.fa          0.31069               0.16223                0.26143               0.091142               0.17451              1     
    even_MAG-GUT17782.fa        0.0026636             0.0043333                0.92023             0.00030616              0.072468              3     
    even_MAG-GUT1871.fa            0.3467               0.19538                0.17599               0.096024                0.1859              1     
    even_MAG-GUT1875.fa           0.34255               0.39109               0.094072                0.04196               0.13032              2     
    even_MAG-GUT1876.fa           0.32038               0.32164               0.064587               0.060193                0.2332              2     
    even_MAG-GUT1880.fa           0.33256               0.16243                0.27203               0.075163               0.15782              1     
    even_MAG-GUT1885.fa           0.36582               0.15151                0.17212               0.091706               0.21885              1     
    even_MAG-GUT1887.fa           0.33837               0.32508               0.088769               0.056468               0.19131              1     
    even_MAG-GUT1888.fa           0.36747               0.31857                0.11524               0.062013                0.1367              1     
    even_MAG-GUT1892.fa           0.36582               0.15151                0.17212               0.091706               0.21885              1     
    even_MAG-GUT1895.fa           0.35527               0.29094                0.11242               0.061233               0.18014              1     
    even_MAG-GUT1898.fa           0.34754                0.3311                0.10525               0.031105               0.18501              1     
    even_MAG-GUT1900.fa           0.32242              0.084303                 0.2417               0.083301               0.26828              1     
    even_MAG-GUT1904.fa           0.35189               0.19518                0.19072               0.089743               0.17247              1     
    even_MAG-GUT1906.fa           0.31029               0.13544                0.17043                0.17209               0.21176              1     
    even_MAG-GUT1908.fa           0.36681               0.30687                0.11108               0.044073               0.17117              1     
    even_MAG-GUT1911.fa           0.36582               0.15151                0.17212               0.091706               0.21885              1     
    even_MAG-GUT1914.fa            0.3662               0.15489                0.16308               0.095481               0.22035              1     
    even_MAG-GUT1946.fa            0.3387               0.19476                0.24638               0.031972               0.18819              1     
    even_MAG-GUT1959.fa           0.35215               0.22944                0.13111                0.05758               0.22973              1     
    even_MAG-GUT2025.fa           0.26772               0.33627                0.21518               0.046317               0.13452              2     
    even_MAG-GUT26238.fa        0.0029159            9.3434e-05                0.97065               0.016118              0.010225              3     
    even_MAG-GUT26973.fa        0.0032697            0.00058877                0.95985              0.0088451              0.027444              3     
    even_MAG-GUT3231.fa           0.30459               0.12724                0.20555                0.13848               0.22414              1     
    even_MAG-GUT3233.fa           0.31386               0.23381                0.17927               0.062502               0.21056              1     
    even_MAG-GUT3477.fa           0.30103               0.21385                0.16396                 0.1483               0.17287              1     
    even_MAG-GUT3479.fa           0.35728               0.16116                0.27974                0.06457               0.13725              1     
    even_MAG-GUT3484.fa         0.0040825                0.3813               0.024274               0.011802               0.57854              5     
    even_MAG-GUT3493.fa         0.0032905               0.29437              0.0079847              0.0029794               0.69138              5     
    even_MAG-GUT3499.fa          0.020568                0.2136                 0.3762              0.0085291                0.3811              5     
    even_MAG-GUT3508.fa          0.012486               0.19698                0.15005               0.010917               0.62956              5     
    even_MAG-GUT3548.fa           0.20356               0.28481                0.18329               0.062034                0.2663              2     
    even_MAG-GUT3553.fa         0.0057047               0.25239                0.11522               0.011945               0.61474              5     
    even_MAG-GUT3561.fa           0.31476               0.07743                0.24643                0.12898                0.2324              1     
    even_MAG-GUT41.fa             0.31253               0.29173                0.21581               0.015531                0.1644              1     
    even_MAG-GUT43425.fa          0.35982               0.23572                 0.1674               0.044131               0.19293              1     
    even_MAG-GUT43446.fa          0.23135               0.37863                0.13076                0.03936                0.2199              2     
    even_MAG-GUT43457.fa          0.31635               0.19787                0.12447                0.01981                0.3415              5     
    even_MAG-GUT43462.fa          0.32854               0.21497                0.12677               0.042423               0.28731              1     
    even_MAG-GUT43463.fa          0.27132               0.52731               0.060505               0.017499               0.12337              2     
    even_MAG-GUT43483.fa          0.32239               0.33282                0.14901               0.032633               0.16315              2     
    even_MAG-GUT43573.fa           0.3164               0.29852                0.17694               0.098307               0.10984              1     
    even_MAG-GUT43577.fa          0.35705               0.26196                0.16073               0.038322               0.18194              1     
    even_MAG-GUT43620.fa          0.29835               0.12845                0.22746                0.16381               0.18193              1     
    even_MAG-GUT43751.fa          0.33588               0.17433                0.23638                0.10001               0.15341              1     
    even_MAG-GUT43943.fa          0.34762               0.31885                0.08366                0.06047                0.1894              1     
    even_MAG-GUT44002.fa        0.0011526            1.6209e-05                0.96754              0.0017792              0.029511              3     
    even_MAG-GUT44177.fa          0.29303              0.048363                0.34343                0.10983               0.20534              3     
    even_MAG-GUT44539.fa          0.30071               0.16212                0.24015                0.10295               0.19409              1     
    even_MAG-GUT44544.fa          0.31077               0.26681                 0.1478               0.093195               0.18142              1     
    even_MAG-GUT44617.fa          0.30553              0.087668                0.25071                0.14354               0.21255              1     
    even_MAG-GUT44666.fa        0.0011526            1.6209e-05                0.96754              0.0017792              0.029511              3     
    even_MAG-GUT45882.fa          0.29628               0.12299                0.36281                0.11441               0.10351              3     
    even_MAG-GUT46437.fa          0.35451               0.26507                0.13028               0.035662               0.21448              1     
    even_MAG-GUT46441.fa          0.32749                0.3862                0.11563               0.013507               0.15718              2     
    even_MAG-GUT46868.fa           0.3227               0.13884                 0.2159                 0.1235               0.19906              1     
    even_MAG-GUT46962.fa          0.28894               0.29986                0.12552               0.084729               0.20096              2     
    even_MAG-GUT47531.fa          0.26945                0.2813                0.15428               0.027327               0.26764              2     
    even_MAG-GUT48488.fa          0.27427              0.099052                0.32577                0.11654               0.18436              3     
    even_MAG-GUT48498.fa          0.32819               0.23153                0.15591               0.061259               0.22312              1     
    even_MAG-GUT48566.fa          0.33595               0.32907               0.037029                0.01445                0.2835              1     
    even_MAG-GUT48585.fa          0.34448               0.26627                0.14184               0.037418               0.20998              1     
    even_MAG-GUT48612.fa          0.32785               0.15785                 0.1697               0.029641               0.31496              1     
    even_MAG-GUT48629.fa        0.0075476              0.001631                0.89388              0.0092318              0.087707              3     
    even_MAG-GUT48673.fa          0.26327               0.41618                0.13145                0.04998               0.13912              2     
    even_MAG-GUT48682.fa        0.0026878            0.00033873                 0.9586              0.0016084              0.036767              3     
    even_MAG-GUT48686.fa          0.30115               0.40738               0.094143               0.022449               0.17488              2     
    even_MAG-GUT48704.fa          0.35579               0.39945               0.085322               0.029874               0.12956              2     
    even_MAG-GUT48723.fa            0.335                0.3583               0.088931               0.083323               0.13445              2     
    even_MAG-GUT48749.fa          0.33694               0.34943                0.12247               0.049711               0.14145              2     
    even_MAG-GUT48754.fa           0.2918                0.1912                 0.2481               0.080436               0.18847              1     
    even_MAG-GUT48761.fa         0.053026               0.82773              0.0060043              0.0044492                0.1088              2     
    even_MAG-GUT48798.fa          0.35126               0.44468                0.07541               0.018044                0.1106              2     
    even_MAG-GUT48804.fa           0.3412               0.12446                0.22682               0.077059               0.23046              1     
    even_MAG-GUT48829.fa          0.26117               0.10345                0.38921               0.046742               0.19942              3     
    even_MAG-GUT48834.fa          0.38855               0.17522                  0.199                0.05152               0.18571              1     
    even_MAG-GUT48887.fa        0.0011751            0.00037042                 0.9721             0.00083651              0.025517              3     
    even_MAG-GUT48894.fa          0.27632                0.3309                0.18545               0.041538               0.16579              2     
    even_MAG-GUT48968.fa          0.35292               0.27978                 0.1484               0.033519               0.18539              1     
    even_MAG-GUT48971.fa          0.35335              0.086462                0.29362                0.03383               0.23274              1     
    even_MAG-GUT48976.fa          0.27938               0.24525                0.17249               0.047369               0.25552              1     
    even_MAG-GUT49002.fa        0.0026476            0.00010427                0.95442              0.0011665              0.041665              3     
    even_MAG-GUT49004.fa          0.33035               0.21371               0.091377               0.076881               0.28768              1     
    even_MAG-GUT49015.fa          0.37921               0.27617                0.10614               0.049395               0.18909              1     
    even_MAG-GUT49023.fa          0.27837               0.13821                0.34893               0.044764               0.18973              3     
    even_MAG-GUT49063.fa          0.28124               0.50038               0.030588               0.014435               0.17336              2     
    even_MAG-GUT49069.fa          0.30868               0.41183                0.11986                0.02107               0.13856              2     
    even_MAG-GUT49070.fa          0.35082                0.2863                0.10542               0.054832               0.20263              1     
    even_MAG-GUT49075.fa          0.33701               0.16839                0.26479                0.10806               0.12175              1     
    even_MAG-GUT49083.fa           0.3388               0.14709                0.15164               0.054517               0.30794              1     
    even_MAG-GUT49101.fa          0.34161               0.10873                0.28023               0.028197               0.24122              1     
    even_MAG-GUT49118.fa          0.21749               0.50181                0.17395              0.0064793               0.10027              2     
    even_MAG-GUT49170.fa          0.31035               0.29221               0.081999                0.10308               0.21237              1     
    even_MAG-GUT49176.fa          0.21139               0.49166                0.10718                0.02487                0.1649              2     
    even_MAG-GUT49226.fa          0.17704               0.61557               0.082889               0.041432              0.083062              2     
    even_MAG-GUT49236.fa          0.31526               0.27571                0.12804               0.025051               0.25593              1     
    even_MAG-GUT49289.fa          0.36354               0.15089                0.22112               0.019665               0.24478              1     
    even_MAG-GUT49297.fa          0.28646               0.20409                0.30379                0.11194              0.093714              3     
    even_MAG-GUT49302.fa          0.36735               0.28086                0.14072               0.045368               0.16572              1     
    even_MAG-GUT49315.fa           0.3431               0.17268                0.17159                 0.1035               0.20913              1     
    even_MAG-GUT49326.fa          0.30763               0.33178                0.15568               0.052224               0.15269              2     
    even_MAG-GUT49329.fa           0.3431               0.17268                0.17159                 0.1035               0.20913              1     
    even_MAG-GUT49356.fa          0.26355               0.33391                0.15446               0.035534               0.21256              2     
    even_MAG-GUT49359.fa          0.32074               0.25581                0.14894               0.069177               0.20534              1     
    even_MAG-GUT49379.fa        0.0032174             0.0016012                0.94264              0.0012157              0.051324              3     
    even_MAG-GUT49393.fa           0.3173               0.34653                0.15712               0.056092               0.12295              2     
    even_MAG-GUT49403.fa          0.36622               0.23499                0.11371               0.041442               0.24363              1     
    even_MAG-GUT49409.fa          0.27049               0.43947                0.05035               0.026617               0.21308              2     
    even_MAG-GUT49456.fa          0.29517               0.28486                  0.217               0.049066               0.15391              1     
    even_MAG-GUT49458.fa          0.32934               0.39894               0.069229               0.041817               0.16068              2     
    even_MAG-GUT49469.fa          0.34946                0.1907                0.16846               0.062541               0.22885              1     
    even_MAG-GUT49499.fa          0.12408               0.67511               0.016355              0.0099133               0.17454              2     
    even_MAG-GUT49512.fa          0.26162               0.33487                0.17769                0.01952                0.2063              2     
    even_MAG-GUT49529.fa          0.32141               0.14654                0.30159               0.044584               0.18587              1     
    even_MAG-GUT49535.fa          0.33378               0.25598                0.17942               0.043889               0.18693              1     
    even_MAG-GUT49539.fa           0.3431               0.17268                0.17159                 0.1035               0.20913              1     
    even_MAG-GUT49541.fa           0.3701               0.22607                0.15993               0.042457               0.20145              1     
    even_MAG-GUT49567.fa        0.0056014              0.011305                0.87804              0.0096513              0.095404              3     
    even_MAG-GUT49574.fa          0.31901               0.43019                 0.1148               0.062712               0.07329              2     
    even_MAG-GUT49593.fa           0.3121               0.31467                0.13907               0.052908               0.18125              2     
    even_MAG-GUT49599.fa          0.26222               0.32097               0.076262               0.073747               0.26679              2     
    even_MAG-GUT49609.fa          0.31058               0.10238                0.27118                0.10227                0.2136              1     
    even_MAG-GUT49616.fa          0.32767               0.33641                0.12778               0.070831               0.13731              2     
    even_MAG-GUT51.fa              0.0186              0.013401                0.89797               0.029073              0.040958              3     
    even_MAG-GUT57264.fa          0.30236               0.33065                0.13085               0.009805               0.22634              2     
    even_MAG-GUT57442.fa          0.31187               0.35261                0.11499               0.079811               0.14071              2     
    even_MAG-GUT61880.fa          0.26133               0.31051                0.15524               0.040684               0.23223              2     
    even_MAG-GUT6222.fa           0.33561               0.25569                0.22204               0.029952               0.15671              1     
    even_MAG-GUT6229.fa           0.31811               0.24992                 0.2131               0.048759               0.17012              1     
    even_MAG-GUT6233.fa           0.35931                0.2656                0.13206               0.050927               0.19209              1     
    even_MAG-GUT6238.fa            0.3481               0.18116                0.18974               0.084184               0.19681              1     
    even_MAG-GUT6241.fa           0.36018               0.17257                0.26583               0.069811                0.1316              1     
    even_MAG-GUT6274.fa           0.31811               0.24992                 0.2131               0.048759               0.17012              1     
    even_MAG-GUT6291.fa            0.3376               0.15535                0.26885               0.060714               0.17749              1     
    even_MAG-GUT67625.fa         0.024102                0.1915                0.11485               0.040799               0.62874              5     
    even_MAG-GUT67985.fa        0.0019734             0.0002525                0.97928              0.0032446              0.015248              3     
    even_MAG-GUT68043.fa           0.2525                0.3951               0.073397               0.030873               0.24813              2     
    even_MAG-GUT68111.fa        0.0031599            7.5842e-05                0.96718              0.0041237              0.025464              3     
    even_MAG-GUT68629.fa          0.19661               0.60777               0.074861               0.053551              0.067211              2     
    even_MAG-GUT68640.fa        0.0035209            0.00031452                0.94513              0.0069078              0.044128              3     
    even_MAG-GUT69501.fa          0.33927               0.19624                0.20802               0.083692               0.17277              1     
    even_MAG-GUT7062.fa           0.36406               0.22403                0.19653               0.040535               0.17485              1     
    even_MAG-GUT7086.fa         0.0017342            9.0232e-05                0.96599               0.010773              0.021411              3     
    even_MAG-GUT7090.fa           0.31654               0.12832                0.19941               0.052191               0.30353              1     
    even_MAG-GUT7102.fa           0.35503               0.21134                0.15672                0.06653               0.21038              1     
    even_MAG-GUT7118.fa           0.34771                0.2199                0.08367               0.070561               0.27816              1     
    even_MAG-GUT7121.fa           0.32974               0.36151               0.093786               0.033567               0.18139              2     
    even_MAG-GUT7125.fa           0.33017               0.36142               0.093933               0.033668                0.1808              2     
    even_MAG-GUT7175.fa           0.31266               0.13177                0.36859               0.032906               0.15408              3     
    even_MAG-GUT7213.fa           0.31448              0.090955                 0.2675               0.073223               0.25384              1     
    even_MAG-GUT7214.fa           0.31358               0.31594                0.11484               0.072132               0.18351              2     
    even_MAG-GUT7216.fa           0.30993                0.2815                0.16553               0.097734                0.1453              1     
    even_MAG-GUT7222.fa           0.35873               0.22651                0.20273               0.046978               0.16505              1     
    even_MAG-GUT7253.fa           0.36146               0.21684                0.16344                0.10437                0.1539              1     
    even_MAG-GUT7278.fa            0.3323               0.22996                0.12726                0.14962               0.16086              1     
    even_MAG-GUT87407.fa        0.0027343            0.00077808                0.91914              0.0086459              0.068699              3     
    even_MAG-GUT87621.fa        0.0041901            0.00074375                0.92462              0.0058152              0.064627              3     
    even_MAG-GUT87674.fa        0.0027343            0.00077808                0.91914              0.0086459              0.068699              3     
    even_MAG-GUT87941.fa        0.0011022            2.9188e-05                0.96138              0.0015055              0.035988              3     
    even_MAG-GUT88714.fa         0.001231            0.00015285                0.96126              0.0014674              0.035892              3     
    even_MAG-GUT88733.fa        0.0024584             0.0023066                0.95558              0.0047491              0.034905              3     
    even_MAG-GUT88737.fa        0.0035116             0.0006059                0.97004              0.0028786              0.022967              3     
    even_MAG-GUT88876.fa         0.001231            0.00015285                0.96126              0.0014674              0.035892              3     
    even_MAG-GUT89068.fa       0.00067926            1.3069e-05                0.97009              0.0011173                0.0281              3     
    even_MAG-GUT89179.fa        0.0014776            4.6153e-05                0.94044              0.0011422              0.056892              3     
    even_MAG-GUT89204.fa        0.0014776            4.6153e-05                0.94044              0.0011422              0.056892              3     
    even_MAG-GUT89292.fa         0.002006            6.2127e-05                0.97798               0.001331              0.018618              3     
    even_MAG-GUT89317.fa        0.0030945            0.00016282                0.97178              0.0015511              0.023416              3     
    even_MAG-GUT89355.fa        0.0028358            0.00011912                0.92667             0.00081704              0.069562              3     
    even_MAG-GUT89363.fa        0.0012945            0.00016606                0.96626              0.0014496              0.030826              3     
    even_MAG-GUT89413.fa       0.00091572            1.4014e-05                0.97526              0.0012073              0.022603              3     
    even_MAG-GUT89720.fa        0.0027675            0.00036879                0.94992              0.0034502              0.043495              3     
    even_MAG-GUT89992.fa       0.00067926            1.3069e-05                0.97009              0.0011173                0.0281              3     
    even_MAG-GUT90064.fa        0.0030632               0.00803                0.82554              0.0029515               0.16041              3     
    even_MAG-GUT90077.fa         0.001231            0.00015285                0.96126              0.0014674              0.035892              3     
    even_MAG-GUT90107.fa        0.0028358            0.00011912                0.92667             0.00081704              0.069562              3     
    even_MAG-GUT90127.fa        0.0014181            8.9321e-05                0.98021              0.0025932              0.015691              3     
    even_MAG-GUT90167.fa        0.0028358            0.00011912                0.92667             0.00081704              0.069562              3     
    even_MAG-GUT90189.fa        0.0028358            0.00011912                0.92667             0.00081704              0.069562              3     
    even_MAG-GUT90251.fa         0.001231            0.00015285                0.96126              0.0014674              0.035892              3     
    even_MAG-GUT90266.fa         0.012024              0.055618                0.90967              0.0051673              0.017516              3     
    even_MAG-GUT90291.fa        0.0030945            0.00016282                0.97178              0.0015511              0.023416              3     
    even_MAG-GUT90368.fa        0.0016435             0.0010673                0.95183              0.0044599                 0.041              3     
    even_MAG-GUT90390.fa       0.00067926            1.3069e-05                0.97009              0.0011173                0.0281              3     
    even_MAG-GUT90429.fa        0.0077074              0.054431                 0.9167              0.0011568              0.020009              3     
    even_MAG-GUT90505.fa        0.0014776            4.6153e-05                0.94044              0.0011422              0.056892              3     
    even_MAG-GUT90598.fa         0.001231            0.00015285                0.96126              0.0014674              0.035892              3     
    even_MAG-GUT90630.fa         0.001231            0.00015285                0.96126              0.0014674              0.035892              3     
    even_MAG-GUT90636.fa        0.0005987            2.5913e-05                0.96201              0.0007703              0.036594              3     
    even_MAG-GUT90777.fa        0.0014253            9.0243e-05                0.97999              0.0026684              0.015822              3     
    even_MAG-GUT90901.fa        0.0037895            0.00020309                0.95933              0.0054887              0.031188              3     
    even_MAG-GUT90946.fa        0.0014776            4.6153e-05                0.94044              0.0011422              0.056892              3     
    even_MAG-GUT90975.fa        0.0014776            4.6153e-05                0.94044              0.0011422              0.056892              3     
