MATLAB is selecting SOFTWARE OPENGL rendering.
[?1h=
                                                                                          < M A T L A B (R) >
                                                                                Copyright 1984-2019 The MathWorks, Inc.
                                                                            R2019b Update 5 (9.7.0.1319299) 64-bit (glnxa64)
                                                                                           February 19, 2020

 
To get started, type doc.
For product information, visit www.mathworks.com.
 
[H[2J
basePath = 

    ""


dataSetPath = 

    "/mnt/sda/DeepMicrobes-data/labeled_genome-r202/f__Veillonellaceae_split_pruned"


testSetPath = 

    "/mnt/sda/DeepMicrobes-data/labeled_genome-r202/hgr_mags/f__Veillonellaceae"

Reading sequences .... 
Starting parallel pool (parpool) using the 'local' profile ...
Starting parallel pool (parpool) using the 'local' profile ...
Starting parallel pool (parpool) using the 'local' profile ...
Generating CGRs.... 
totalSeq is: 1596
Starting parallel pool (parpool) using the 'local' profile ...
Starting parallel pool (parpool) using the 'local' profile ...
Computing disMat .... 
Starting parallel pool (parpool) using the 'local' profile ...
Performing classification .... 

minSeqLen =

     0


maxSeqLen =

     0

dataSet is:/mnt/sda/DeepMicrobes-data/labeled_genome-r202/hgr_mags/f__Veillonellaceae
Starting parallel pool (parpool) using the 'local' profile ...
Starting parallel pool (parpool) using the 'local' profile ...
Starting parallel pool (parpool) using the 'local' profile ...
numTestSeq is: 191
2
2
2
3
2
2
2
2
2
2
2
2
2
2
2
2
2
2
2
2
2
2
2
2
2
2
2
2
2
2
2
3
2
2
2
2
2
2
2
2
2
2
2
2
2
2
2
2
2
2
2
2
2
2
2
2
2
2
2
2
2
2
2
2
2
2
2
2
2
2
2
2
2
2
2
2
2
2
2
2
2
2
2
2
2
2
2
2
2
2
2
2
2
2
2
2
2
2
2
2
2
2
2
2
2
2
2
2
2
2
2
2
2
2
2
2
2
2
2
2
2
2
2
2
2
2
2
2
2
2
2
2
2
2
2
2
2
2
2
2
2
2
2
2
2
2
3
2
2
2
2
2
2
2
2
2
2
2
2
2
2
2
2
2
2
2
2
2
2
2
2
2
2
2
2
2
2
2
2
2
2
2
2
2
2
2
3
3
3
3
2

clusterNames =

  1x3 cell array

    {'1-g__F0422'}    {'g__Veillonella'}    {'g__Veillonella_A'}


clusterNames =

  1x3 cell array

    {'1-g__F0422'}    {'2-g__Veillonella'}    {'g__Veillonella_A'}


clusterNames =

  1x3 cell array

    {'1-g__F0422'}    {'2-g__Veillonella'}    {'3-g__Veillonella_A'}

    '1-g__F0422'    '2-g__Veillonella'    '3-g__Veillonella_A'


header =

  1x4 cell array

    {'1-g__F0422'}    {'2-g__Veillonella'}    {'3-g__Veillonella_A'}    {'prediction'}


T3 =

  191x4 table

                            1-g__F0422    2-g__Veillonella    3-g__Veillonella_A    prediction
                            __________    ________________    __________________    __________

    even_MAG-GUT1018.fa       0.010158          0.98743            0.0024161            2     
    even_MAG-GUT1049.fa      0.0027123          0.99696           0.00032854            2     
    even_MAG-GUT1050.fa      0.0021396          0.99777           9.2075e-05            2     
    even_MAG-GUT10593.fa    0.00038485        0.0001164               0.9995            3     
    even_MAG-GUT11020.fa     0.0018373          0.99015            0.0080109            2     
    even_MAG-GUT1198.fa     0.00053393          0.98875              0.01072            2     
    even_MAG-GUT1206.fa     0.00065378          0.99544            0.0039014            2     
    even_MAG-GUT1212.fa     0.00065378          0.99544            0.0039014            2     
    even_MAG-GUT1217.fa     1.8361e-05          0.99971           0.00026943            2     
    even_MAG-GUT1227.fa     0.00065378          0.99544            0.0039014            2     
    even_MAG-GUT1232.fa     3.7414e-05          0.99777            0.0021888            2     
    even_MAG-GUT1355.fa      0.0025329           0.9974           6.5776e-05            2     
    even_MAG-GUT13830.fa    0.00037397          0.99614            0.0034881            2     
    even_MAG-GUT13999.fa     0.0016061          0.99804           0.00034979            2     
    even_MAG-GUT1470.fa      0.0074103          0.99114             0.001452            2     
    even_MAG-GUT1556.fa     4.5881e-05          0.99553             0.004427            2     
    even_MAG-GUT1559.fa     0.00015182          0.99912           0.00072421            2     
    even_MAG-GUT15797.fa    0.00067846          0.99557            0.0037508            2     
    even_MAG-GUT1584.fa       0.028882          0.97103           8.5349e-05            2     
    even_MAG-GUT17170.fa      0.013708          0.97587             0.010419            2     
    even_MAG-GUT17664.fa     0.0044263          0.99265            0.0029211            2     
    even_MAG-GUT17671.fa     0.0014969          0.99831            0.0001953            2     
    even_MAG-GUT1840.fa       0.010195          0.98963           0.00017564            2     
    even_MAG-GUT1930.fa      0.0002514          0.99735            0.0023978            2     
    even_MAG-GUT1954.fa       0.011692          0.98801           0.00029602            2     
    even_MAG-GUT2031.fa     0.00032167          0.99258            0.0070986            2     
    even_MAG-GUT2053.fa      0.0056617          0.99426           7.8588e-05            2     
    even_MAG-GUT2061.fa     2.5312e-05          0.99335            0.0066274            2     
    even_MAG-GUT2081.fa       0.021379          0.97831           0.00031315            2     
    even_MAG-GUT2086.fa       0.014044          0.98576           0.00019162            2     
    even_MAG-GUT21682.fa       0.01939          0.94792             0.032688            2     
    even_MAG-GUT24765.fa     0.0017946       5.8689e-06               0.9982            3     
    even_MAG-GUT25590.fa     0.0016948          0.98305              0.01526            2     
    even_MAG-GUT3377.fa       0.043509          0.88346             0.073035            2     
    even_MAG-GUT36136.fa     0.0047592          0.99478           0.00046469            2     
    even_MAG-GUT37445.fa     0.0025476          0.99635            0.0011002            2     
    even_MAG-GUT43570.fa    0.00046609          0.99926           0.00027368            2     
    even_MAG-GUT43698.fa     0.0005145          0.99902           0.00046497            2     
    even_MAG-GUT44000.fa    0.00041455          0.99827            0.0013144            2     
    even_MAG-GUT44111.fa    0.00034043          0.96702             0.032637            2     
    even_MAG-GUT44662.fa    0.00036079          0.99357            0.0060689            2     
    even_MAG-GUT44851.fa      0.051673          0.91694             0.031382            2     
    even_MAG-GUT45317.fa     0.0019329          0.95438             0.043691            2     
    even_MAG-GUT45633.fa     0.0079829          0.99162           0.00039479            2     
    even_MAG-GUT45684.fa     0.0011762           0.9404             0.058426            2     
    even_MAG-GUT45719.fa      0.014515          0.98116            0.0043216            2     
    even_MAG-GUT45776.fa    0.00027657          0.99967           5.6123e-05            2     
    even_MAG-GUT46165.fa      0.026949          0.97287           0.00017755            2     
    even_MAG-GUT46247.fa    0.00031192          0.99941           0.00027748            2     
    even_MAG-GUT46435.fa     0.0006954          0.99831           0.00099683            2     
    even_MAG-GUT46922.fa     0.0020829          0.99124            0.0066814            2     
    even_MAG-GUT46931.fa    0.00032248          0.99316             0.006518            2     
    even_MAG-GUT46987.fa     0.0001551          0.98227             0.017576            2     
    even_MAG-GUT47186.fa     0.0019134          0.99694            0.0011511            2     
    even_MAG-GUT47222.fa       0.13683          0.85511            0.0080572            2     
    even_MAG-GUT47622.fa    0.00022415          0.99855            0.0012226            2     
    even_MAG-GUT47676.fa      0.057792          0.89355             0.048658            2     
    even_MAG-GUT47922.fa     0.0095592          0.98471            0.0057263            2     
    even_MAG-GUT48190.fa     0.0019727          0.99787           0.00015535            2     
    even_MAG-GUT48247.fa    0.00086566          0.99673             0.002408            2     
    even_MAG-GUT48628.fa     0.0013377           0.9767             0.021961            2     
    even_MAG-GUT48630.fa     0.0019527          0.99798           6.5631e-05            2     
    even_MAG-GUT48634.fa    0.00011474          0.99569            0.0041997            2     
    even_MAG-GUT48635.fa    0.00024306          0.99651            0.0032494            2     
    even_MAG-GUT48651.fa    0.00014965          0.99908           0.00077134            2     
    even_MAG-GUT48654.fa      0.010162          0.98752            0.0023199            2     
    even_MAG-GUT48684.fa     0.0040532           0.9946            0.0013491            2     
    even_MAG-GUT48694.fa     0.0019786          0.99742           0.00060416            2     
    even_MAG-GUT48733.fa     0.0096769          0.92413             0.066196            2     
    even_MAG-GUT48779.fa     0.0020967          0.99649            0.0014145            2     
    even_MAG-GUT48825.fa      0.049123          0.95081           6.8338e-05            2     
    even_MAG-GUT48863.fa    3.8073e-05          0.99953           0.00042836            2     
    even_MAG-GUT48902.fa     0.0096111          0.99023           0.00015983            2     
    even_MAG-GUT48923.fa     0.0020006           0.9914            0.0065975            2     
    even_MAG-GUT48943.fa      0.003144          0.99377            0.0030823            2     
    even_MAG-GUT48949.fa    2.8883e-05          0.98297                0.017            2     
    even_MAG-GUT48957.fa      0.012712          0.96624             0.021048            2     
    even_MAG-GUT48959.fa      0.013415          0.98559           0.00099526            2     
    even_MAG-GUT48964.fa    0.00037444          0.99503            0.0045931            2     
    even_MAG-GUT48986.fa     0.0059185          0.99395           0.00013171            2     
    even_MAG-GUT49003.fa      0.077522          0.85628             0.066196            2     
    even_MAG-GUT49011.fa      0.025271          0.95616             0.018573            2     
    even_MAG-GUT49026.fa     0.0055377          0.98298              0.01148            2     
    even_MAG-GUT49035.fa     0.0011657          0.98197             0.016868            2     
    even_MAG-GUT49036.fa     0.0071685          0.99042            0.0024118            2     
    even_MAG-GUT49203.fa    0.00023861          0.94365             0.056107            2     
    even_MAG-GUT49266.fa     0.0097655          0.98613            0.0041045            2     
    even_MAG-GUT49294.fa      0.027132          0.96334             0.009523            2     
    even_MAG-GUT49309.fa      0.018025           0.9817           0.00027104            2     
    even_MAG-GUT49328.fa     0.0088648          0.97059             0.020546            2     
    even_MAG-GUT49355.fa     0.0045681          0.99434            0.0010962            2     
    even_MAG-GUT49371.fa     0.0069206          0.98939            0.0036869            2     
    even_MAG-GUT49399.fa      0.028322          0.96266            0.0090208            2     
    even_MAG-GUT49414.fa     0.0022288          0.99682           0.00095149            2     
    even_MAG-GUT49474.fa      0.016817          0.97588            0.0072988            2     
    even_MAG-GUT49516.fa     0.0054851          0.99303            0.0014881            2     
    even_MAG-GUT49534.fa     0.0052977          0.99016            0.0045459            2     
    even_MAG-GUT49545.fa      0.001159           0.9979            0.0009374            2     
    even_MAG-GUT49558.fa    0.00062433          0.99925           0.00012905            2     
    even_MAG-GUT49568.fa    0.00031378          0.99655            0.0031409            2     
    even_MAG-GUT49571.fa    0.00056129          0.99883           0.00060977            2     
    even_MAG-GUT49576.fa     0.0045222          0.99546           1.8498e-05            2     
    even_MAG-GUT49583.fa    0.00014623           0.9986            0.0012489            2     
    even_MAG-GUT49589.fa      0.020908          0.95952              0.01957            2     
    even_MAG-GUT49596.fa     0.0045443          0.99374            0.0017197            2     
    even_MAG-GUT49597.fa     0.0091996          0.98665            0.0041547            2     
    even_MAG-GUT49604.fa     0.0049074          0.99298              0.00211            2     
    even_MAG-GUT5199.fa      0.0012804          0.99357            0.0051541            2     
    even_MAG-GUT5687.fa      0.0017926          0.97574              0.02247            2     
    even_MAG-GUT64345.fa     0.0032674          0.99077            0.0059584            2     
    even_MAG-GUT64513.fa     0.0032674          0.99077            0.0059584            2     
    even_MAG-GUT66953.fa     0.0011262          0.98999            0.0088833            2     
    even_MAG-GUT67253.fa     0.0012713          0.99693            0.0017982            2     
    even_MAG-GUT67256.fa      0.024183          0.95812             0.017697            2     
    even_MAG-GUT67799.fa     0.0010898          0.98954            0.0093688            2     
    even_MAG-GUT68086.fa      0.012459          0.97283             0.014711            2     
    even_MAG-GUT68216.fa    0.00032548          0.99915           0.00051998            2     
    even_MAG-GUT68260.fa     0.0014755          0.92196             0.076565            2     
    even_MAG-GUT68570.fa     0.0022137          0.99764           0.00014741            2     
    even_MAG-GUT68726.fa      0.011386          0.98796           0.00065572            2     
    even_MAG-GUT68810.fa     0.0044599          0.98926            0.0062823            2     
    even_MAG-GUT68872.fa    0.00077911           0.9881             0.011117            2     
    even_MAG-GUT69096.fa    0.00014017          0.99958           0.00027872            2     
    even_MAG-GUT69113.fa    0.00022086          0.98765              0.01213            2     
    even_MAG-GUT69123.fa    0.00047682          0.99914           0.00038067            2     
    even_MAG-GUT69144.fa     0.0039829          0.99511            0.0009056            2     
    even_MAG-GUT69198.fa     0.0027597          0.99627           0.00097452            2     
    even_MAG-GUT69367.fa     0.0072721          0.96977             0.022954            2     
    even_MAG-GUT69378.fa    0.00010893          0.99325            0.0066454            2     
    even_MAG-GUT69417.fa    0.00036889           0.9984            0.0012357            2     
    even_MAG-GUT69483.fa    0.00023857          0.99931           0.00045363            2     
    even_MAG-GUT69551.fa     0.0012875          0.99616             0.002556            2     
    even_MAG-GUT7088.fa       0.011265          0.98579            0.0029481            2     
    even_MAG-GUT7095.fa       0.014939          0.95719             0.027875            2     
    even_MAG-GUT7099.fa      0.0025457          0.99313            0.0043285            2     
    even_MAG-GUT7105.fa      0.0035256          0.99136             0.005118            2     
    even_MAG-GUT7112.fa      0.0025457          0.99313            0.0043285            2     
    even_MAG-GUT7120.fa      0.0017534          0.99576            0.0024871            2     
    even_MAG-GUT7132.fa      0.0088121          0.99112           6.3915e-05            2     
    even_MAG-GUT7155.fa     0.00034787          0.99587             0.003779            2     
    even_MAG-GUT7161.fa      0.0093467          0.97864             0.012014            2     
    even_MAG-GUT7166.fa     0.00064975          0.99465            0.0047013            2     
    even_MAG-GUT7197.fa     0.00015211          0.99858              0.00127            2     
    even_MAG-GUT7210.fa      0.0034621          0.98985            0.0066861            2     
    even_MAG-GUT7229.fa      0.0030432          0.99691           4.9048e-05            2     
    even_MAG-GUT7247.fa       0.047798          0.95194           0.00025746            2     
    even_MAG-GUT7546.fa      0.0014932       4.1695e-05              0.99847            3     
    even_MAG-GUT87821.fa     0.0066905          0.99149            0.0018195            2     
    even_MAG-GUT87873.fa      0.026433          0.96931            0.0042584            2     
    even_MAG-GUT89205.fa     0.0048061          0.98857            0.0066218            2     
    even_MAG-GUT89291.fa     0.0050648          0.99459            0.0003464            2     
    even_MAG-GUT89318.fa      0.001546          0.99379            0.0046662            2     
    even_MAG-GUT89356.fa      0.001546          0.99379            0.0046662            2     
    even_MAG-GUT89364.fa       0.15298          0.83866            0.0083604            2     
    even_MAG-GUT89717.fa     0.0054847          0.98898            0.0055384            2     
    even_MAG-GUT90076.fa      0.011439          0.98849           7.2886e-05            2     
    even_MAG-GUT90108.fa     0.0090868          0.98752            0.0033929            2     
    even_MAG-GUT90168.fa      0.017203          0.97269             0.010104            2     
    even_MAG-GUT90190.fa     0.0048061          0.98857            0.0066218            2     
    even_MAG-GUT90292.fa     0.0046568          0.98973            0.0056173            2     
    even_MAG-GUT90367.fa      0.045161          0.95479           4.8159e-05            2     
    even_MAG-GUT90600.fa      0.035885          0.96293            0.0011864            2     
    even_MAG-GUT90634.fa      0.042736          0.95709           0.00017645            2     
    even_MAG-GUT90947.fa      0.001546          0.99379            0.0046662            2     
    even_MAG-GUT90977.fa      0.001546          0.99379            0.0046662            2     
    even_MAG-GUT91033.fa      0.037509          0.96205           0.00044464            2     
    even_MAG-GUT91117.fa      0.001546          0.99379            0.0046662            2     
    even_MAG-GUT91136.fa     0.0016692          0.99488            0.0034524            2     
    even_MAG-GUT91276.fa     0.0068343          0.97591             0.017256            2     
    even_MAG-GUT91278.fa      0.018924          0.97956            0.0015188            2     
    even_MAG-GUT91345.fa     0.0086269          0.98725            0.0041225            2     
    even_MAG-GUT91364.fa     0.0016026          0.99816           0.00023402            2     
    even_MAG-GUT91383.fa     0.0015951          0.99804           0.00036762            2     
    even_MAG-GUT91475.fa    0.00040103          0.99543            0.0041713            2     
    even_MAG-GUT91600.fa      0.015889          0.94956             0.034547            2     
    even_MAG-GUT91603.fa     0.0041237          0.97504             0.020839            2     
    even_MAG-GUT91866.fa      0.021994          0.97784           0.00016495            2     
    even_MAG-GUT91873.fa      0.020968          0.97766            0.0013749            2     
    even_MAG-GUT91938.fa     0.0010613          0.99664            0.0023018            2     
    even_MAG-GUT91964.fa    0.00035044          0.99792            0.0017302            2     
    even_MAG-GUT91970.fa      0.002819          0.99244            0.0047424            2     
    even_MAG-GUT91971.fa      0.009387          0.98675             0.003864            2     
    even_MAG-GUT91990.fa    0.00065371          0.99729            0.0020521            2     
    even_MAG-GUT91993.fa     0.0060163          0.99385           0.00013313            2     
    even_MAG-GUT92001.fa     0.0060503          0.96983             0.024116            2     
    even_MAG-GUT92091.fa     0.0081579          0.95998             0.031864            2     
    even_MAG-GUT9303.fa     0.00078387       0.00015713              0.99906            3     
    even_MAG-GUT9316.fa     0.00056106       0.00031277              0.99913            3     
    even_MAG-GUT9364.fa     0.00099125       4.6565e-05              0.99896            3     
    even_MAG-GUT9376.fa      0.0011459       2.7776e-05              0.99883            3     
    even_MAG-GUT956.fa      0.00015676          0.98793             0.011917            2     


outputPath = 

    ""


outputPath = 

    "outputs-HGR-r202/test-f__Veillonellaceae_split_pruned.xlsx"

Process completed 
[?1l>