MATLAB is selecting SOFTWARE OPENGL rendering.
[?1h=
                                                                                          < M A T L A B (R) >
                                                                                Copyright 1984-2019 The MathWorks, Inc.
                                                                            R2019b Update 5 (9.7.0.1319299) 64-bit (glnxa64)
                                                                                           February 19, 2020

 
To get started, type doc.
For product information, visit www.mathworks.com.
 
[H[2J
basePath = 

    ""


dataSetPath = 

    "/mnt/sda/DeepMicrobes-data/labeled_genome-r202/o__Actinomycetales_split_pruned"


testSetPath = 

    "/mnt/sda/DeepMicrobes-data/labeled_genome-r202/hgr_mags/o__Actinomycetales"

Reading sequences .... 
Starting parallel pool (parpool) using the 'local' profile ...
Starting parallel pool (parpool) using the 'local' profile ...
Starting parallel pool (parpool) using the 'local' profile ...
Starting parallel pool (parpool) using the 'local' profile ...
Starting parallel pool (parpool) using the 'local' profile ...
Starting parallel pool (parpool) using the 'local' profile ...
Starting parallel pool (parpool) using the 'local' profile ...
Generating CGRs.... 
totalSeq is: 224
Starting parallel pool (parpool) using the 'local' profile ...
Starting parallel pool (parpool) using the 'local' profile ...
Computing disMat .... 
Starting parallel pool (parpool) using the 'local' profile ...
Performing classification .... 

minSeqLen =

     0


maxSeqLen =

     0

dataSet is:/mnt/sda/DeepMicrobes-data/labeled_genome-r202/hgr_mags/o__Actinomycetales
Starting parallel pool (parpool) using the 'local' profile ...
Starting parallel pool (parpool) using the 'local' profile ...
Starting parallel pool (parpool) using the 'local' profile ...
[Warning: Unable to fit posterior probabilities for learner 5 (SVM) because: Some classes have one observation only.] 
[> In ClassificationECOC>localFitECOC/loopBody (line 672)
  In internal.stats.parallel.smartForSliceout (line 174)
  In ClassificationECOC>localFitECOC (line 571)
  In ClassificationECOC (line 171)
  In classreg.learning/FitTemplate/fit (line 263)
  In ClassificationECOC.fit (line 116)
  In fitcecoc (line 356)
  In classifyTestSeqExternMisList (line 42)
  In testingExternMisList (line 9)
  In stackedMain (line 110)] 
numTestSeq is: 102
2
2
2
2
2
2
2
2
2
2
2
2
2
2
2
2
2
2
2
2
2
2
2
2
2
2
2
2
2
2
2
2
2
2
2
2
2
2
2
2
2
2
2
2
2
2
2
2
2
2
2
2
2
2
2
2
2
2
2
2
2
2
2
2
2
2
2
2
2
2
2
2
2
2
2
2
2
2
2
2
2
2
2
2
2
2
2
2
2
2
2
2
2
2
2
2
2
2
2
2
2
2

clusterNames =

  1x7 cell array

    {'1-f__Actinomycetaceae'}    {'f__Bifidobacteriaceae'}    {'f__Brevibacteriaceae'}    {'f__Cellulomonadaceae'}    {'f__Dermabacteraceae'}    {'f__Dermatophilaceae'}    {'f__Micrococcaceae'}


clusterNames =

  1x7 cell array

    {'1-f__Actinomycetaceae'}    {'2-f__Bifidobacteri...'}    {'f__Brevibacteriaceae'}    {'f__Cellulomonadaceae'}    {'f__Dermabacteraceae'}    {'f__Dermatophilaceae'}    {'f__Micrococcaceae'}


clusterNames =

  1x7 cell array

    {'1-f__Actinomycetaceae'}    {'2-f__Bifidobacteri...'}    {'3-f__Brevibacteria...'}    {'f__Cellulomonadaceae'}    {'f__Dermabacteraceae'}    {'f__Dermatophilaceae'}    {'f__Micrococcaceae'}


clusterNames =

  1x7 cell array

    {'1-f__Actinomycetaceae'}    {'2-f__Bifidobacteri...'}    {'3-f__Brevibacteria...'}    {'4-f__Cellulomonada...'}    {'f__Dermabacteraceae'}    {'f__Dermatophilaceae'}    {'f__Micrococcaceae'}


clusterNames =

  1x7 cell array

    {'1-f__Actinomycetaceae'}    {'2-f__Bifidobacteri...'}    {'3-f__Brevibacteria...'}    {'4-f__Cellulomonada...'}    {'5-f__Dermabacteraceae'}    {'f__Dermatophilaceae'}    {'f__Micrococcaceae'}


clusterNames =

  1x7 cell array

    {'1-f__Actinomycetaceae'}    {'2-f__Bifidobacteri...'}    {'3-f__Brevibacteria...'}    {'4-f__Cellulomonada...'}    {'5-f__Dermabacteraceae'}    {'6-f__Dermatophilaceae'}    {'f__Micrococcaceae'}


clusterNames =

  1x7 cell array

    {'1-f__Actinomycetaceae'}    {'2-f__Bifidobacteri...'}    {'3-f__Brevibacteria...'}    {'4-f__Cellulomonada...'}    {'5-f__Dermabacteraceae'}    {'6-f__Dermatophilaceae'}    {'7-f__Micrococcaceae'}

    '1-f__Actinomycetaceae'    '2-f__Bifidobacteriaceae'    '3-f__Brevibacteriaceae'    '4-f__Cellulomonadaceae'    '5-f__Dermabacteraceae'    '6-f__Dermatophilaceae'    '7-f__Micrococcaceae'


header =

  1x8 cell array

    {'1-f__Actinomyc...'}    {'2-f__Bifidobac...'}    {'3-f__Brevibact...'}    {'4-f__Cellulomo...'}    {'5-f__Dermabact...'}    {'6-f__Dermatoph...'}    {'7-f__Micrococc...'}    {'prediction'}


T3 =

  102x8 table

                            1-f__Actinomycetaceae    2-f__Bifidobacteriaceae    3-f__Brevibacteriaceae    4-f__Cellulomonadaceae    5-f__Dermabacteraceae    6-f__Dermatophilaceae    7-f__Micrococcaceae    prediction
                            _____________________    _______________________    ______________________    ______________________    _____________________    _____________________    ___________________    __________

    even_MAG-GUT1012.fa           0.0030519                   0.9655                  0.0054874                   0.008077                 0.011962                0.0014526               0.0044652             2     
    even_MAG-GUT10488.fa         0.00035842                  0.99563                  0.0037518                 0.00011358                 2.22e-14               1.0564e-06              0.00014236             2     
    even_MAG-GUT11934.fa          5.129e-05                  0.99458                  0.0052415                 8.1382e-05               2.2199e-14               1.2422e-06              4.7055e-05             2     
    even_MAG-GUT1826.fa           0.0073675                  0.95715                  0.0048628                  0.0049265                 0.016218                0.0017948               0.0076812             2     
    even_MAG-GUT2058.fa           0.0010155                  0.99013                  0.0062133                  0.0010793               2.2202e-14               1.0337e-06               0.0015657             2     
    even_MAG-GUT2079.fa          5.3598e-05                  0.98056                   0.018965                 0.00037157               2.2194e-14               8.6827e-06              3.9464e-05             2     
    even_MAG-GUT23723.fa           0.001549                  0.98688                  0.0044709                  0.0045404               2.2202e-14               6.7459e-07               0.0025581             2     
    even_MAG-GUT28721.fa         7.5073e-05                  0.99467                  0.0042653                 0.00029311               2.2201e-14               6.8612e-07              0.00069226             2     
    even_MAG-GUT28738.fa         0.00012258                   0.9939                  0.0054425                 0.00037278                 2.22e-14               7.6382e-07              0.00016261             2     
    even_MAG-GUT36138.fa         0.00010324                  0.97775                   0.021795                 0.00029993               2.2194e-14               4.4272e-06               4.462e-05             2     
    even_MAG-GUT37090.fa         0.00012447                  0.99444                  0.0052079                 6.1427e-05               2.2199e-14               9.0552e-07              0.00016049             2     
    even_MAG-GUT408.fa             0.000897                  0.97363                  0.0030513                   0.010428               2.2204e-14               8.2055e-07                0.011989             2     
    even_MAG-GUT409.fa           0.00069061                  0.98251                  0.0029964                  0.0043494               2.2203e-14               8.9303e-07               0.0094495             2     
    even_MAG-GUT412.fa             0.004224                  0.93432                  0.0052086                    0.01245                 0.024713                0.0022573                0.016826             2     
    even_MAG-GUT418.fa            0.0025328                  0.96899                  0.0041434                  0.0041802               2.2199e-14               1.6617e-06                0.020156             2     
    even_MAG-GUT420.fa             0.016096                  0.89157                  0.0066148                  0.0073854                  0.06125                0.0035171                0.013567             2     
    even_MAG-GUT421.fa           0.00046637                  0.98598                  0.0037715                  0.0040132               2.2204e-14               8.9198e-07               0.0057697             2     
    even_MAG-GUT422.fa            0.0051984                  0.92487                  0.0061336                   0.008336                 0.030076                0.0025506                 0.02284             2     
    even_MAG-GUT423.fa           0.00085141                  0.97132                   0.003198                  0.0046764               2.2203e-14               1.0009e-06                0.019953             2     
    even_MAG-GUT425.fa            0.0027658                  0.97259                  0.0061002                    0.01052                2.739e-14               1.3379e-06               0.0080266             2     
    even_MAG-GUT429.fa            0.0062022                  0.95412                  0.0044979                  0.0054537                 0.018793                0.0020557                0.008874             2     
    even_MAG-GUT430.fa            0.0030947                  0.95286                  0.0061817                  0.0078501                 0.016012                0.0016973                0.012304             2     
    even_MAG-GUT431.fa            0.0026443                  0.95269                  0.0069409                  0.0070633                 0.015267                0.0016194                0.013776             2     
    even_MAG-GUT432.fa            0.0010794                  0.98098                  0.0046808                  0.0090703               2.2201e-14               7.4483e-07               0.0041844             2     
    even_MAG-GUT433.fa           0.00074016                  0.97908                  0.0049869                  0.0081156               2.2204e-14               8.7886e-07                0.007077             2     
    even_MAG-GUT435.fa            0.0083963                  0.84039                  0.0074824                   0.011651                   0.1139                 0.004023                0.014157             2     
    even_MAG-GUT43623.fa          0.0081222                  0.94642                  0.0053122                  0.0061044                 0.023766                0.0023885               0.0078906             2     
    even_MAG-GUT43934.fa          0.0018254                  0.96594                  0.0034518                  0.0089856               2.2201e-14               1.0643e-06                0.019791             2     
    even_MAG-GUT444.fa            0.0034275                  0.95187                    0.00626                  0.0093371                 0.017179                0.0018012                0.010129             2     
    even_MAG-GUT445.fa            0.0011453                  0.98282                  0.0046686                  0.0037827               2.2203e-14               8.6362e-07               0.0075821             2     
    even_MAG-GUT446.fa             0.010787                  0.89211                  0.0059699                  0.0096839                 0.065694                0.0036791                0.012074             2     
    even_MAG-GUT44961.fa          0.0014234                   0.9891                   0.009248                 0.00010279                 2.22e-14               1.1452e-06              0.00012155             2     
    even_MAG-GUT450.fa            0.0043393                  0.97452                  0.0060805                  0.0047941                2.387e-14               1.2353e-06                0.010266             2     
    even_MAG-GUT452.fa            0.0024388                   0.9724                  0.0057306                   0.011351               2.2891e-14               1.3369e-06               0.0080801             2     
    even_MAG-GUT453.fa            0.0088943                  0.91937                  0.0066283                  0.0080841                 0.038877                0.0029525                0.015196             2     
    even_MAG-GUT456.fa            0.0031155                  0.93209                  0.0054962                   0.018402                 0.018754                0.0016951                0.020444             2     
    even_MAG-GUT457.fa            0.0011835                  0.96153                  0.0050173                   0.007514                 2.22e-14               1.6115e-06                0.024749             2     
    even_MAG-GUT4577.fa          9.8268e-05                  0.99467                  0.0038936                 0.00037096               2.2201e-14               6.0796e-07              0.00097106             2     
    even_MAG-GUT46159.fa         0.00043022                  0.98345                   0.015694                 0.00038511               2.2197e-14               7.4922e-06              3.7094e-05             2     
    even_MAG-GUT462.fa            0.0062612                  0.94372                  0.0060533                  0.0053812                 0.025777                0.0025345                0.010274             2     
    even_MAG-GUT463.fa            0.0021039                  0.97249                  0.0057463                  0.0045604               2.2202e-14               1.5799e-06                0.015097             2     
    even_MAG-GUT46486.fa          0.0071056                  0.93659                  0.0066334                  0.0095348                 0.031339                0.0028297               0.0059696             2     
    even_MAG-GUT465.fa            0.0046446                  0.87955                  0.0073836                   0.020407                 0.051276                0.0030981                 0.03364             2     
    even_MAG-GUT467.fa             0.001338                   0.9505                  0.0068197                   0.023963               2.4023e-14               2.5063e-06                0.017375             2     
    even_MAG-GUT46719.fa          0.0001479                  0.98231                   0.016924                 0.00054586               2.2196e-14               5.5202e-06              6.6586e-05             2     
    even_MAG-GUT46760.fa         0.00051167                  0.99179                  0.0044251                  0.0013875               2.2203e-14               1.0897e-06               0.0018883             2     
    even_MAG-GUT468.fa           0.00043008                  0.98239                  0.0048257                  0.0076204               2.2204e-14                 1.06e-06               0.0047324             2     
    even_MAG-GUT469.fa           0.00065685                  0.98739                  0.0035343                   0.001654               2.2203e-14               6.6573e-07               0.0067657             2     
    even_MAG-GUT470.fa            0.0021098                  0.97515                  0.0060084                  0.0086333                2.221e-14               1.5434e-06               0.0080929             2     
    even_MAG-GUT471.fa            0.0027744                  0.97828                  0.0063383                  0.0053407               2.3438e-14               1.0217e-06               0.0072667             2     
    even_MAG-GUT47464.fa          0.0033119                  0.96614                  0.0041576                  0.0043001               2.2202e-14               2.0999e-06                 0.02209             2     
    even_MAG-GUT47585.fa         0.00017668                  0.99464                   0.004273                 0.00033261               2.2201e-14                9.414e-07              0.00057998             2     
    even_MAG-GUT48579.fa          0.0072644                  0.87369                  0.0060742                   0.014283                 0.070795                0.0035993                0.024289             2     
    even_MAG-GUT55663.fa         8.7737e-05                  0.98292                   0.016653                 0.00020491               2.2195e-14               5.0318e-06              0.00013172             2     
    even_MAG-GUT55688.fa         0.00012225                  0.98488                   0.014666                 0.00028596               2.2196e-14               5.9796e-06              3.8418e-05             2     
    even_MAG-GUT56059.fa         3.8946e-05                  0.99192                   0.006161                 0.00051396               2.2201e-14               1.3155e-06               0.0013655             2     
    even_MAG-GUT59472.fa         0.00012732                  0.98037                   0.019267                 0.00011489               2.2195e-14                8.217e-06              0.00010881             2     
    even_MAG-GUT62023.fa         9.5347e-05                  0.98079                   0.018789                  0.0002737               2.2195e-14               6.4737e-06              4.9163e-05             2     
    even_MAG-GUT64457.fa          0.0057773                  0.93237                  0.0064177                  0.0096081                 0.032727                0.0028277                0.010274             2     
    even_MAG-GUT66991.fa         0.00041883                  0.98604                   0.013097                 0.00025879               2.2197e-14                1.273e-05              0.00017713             2     
    even_MAG-GUT67012.fa           0.019909                  0.80645                  0.0063053                  0.0099222                  0.12777                0.0038474                0.025798             2     
    even_MAG-GUT67120.fa         0.00015722                  0.98229                   0.017282                 0.00016894               2.2195e-14               5.9886e-06              9.9412e-05             2     
    even_MAG-GUT67723.fa         0.00011939                  0.99273                  0.0064164                 0.00062606                 2.22e-14               2.8554e-06              0.00010646             2     
    even_MAG-GUT67770.fa         0.00015348                  0.97858                   0.021009                 0.00022022               2.2195e-14               8.2199e-06              2.8248e-05             2     
    even_MAG-GUT67779.fa         0.00013101                  0.98364                   0.016028                 0.00014206               2.2196e-14               8.4757e-06              4.8551e-05             2     
    even_MAG-GUT67830.fa         0.00034712                  0.98625                   0.013009                 0.00032637               2.2197e-14               2.5649e-06              6.0735e-05             2     
    even_MAG-GUT67839.fa         0.00016217                  0.98589                   0.013332                 0.00053846               2.2197e-14               2.9015e-06              7.3203e-05             2     
    even_MAG-GUT67975.fa          0.0039248                  0.95825                  0.0054916                  0.0048305                 0.013953                0.0015511                0.011999             2     
    even_MAG-GUT67977.fa         7.9723e-05                  0.98577                    0.01369                 0.00040707               2.2197e-14               6.3893e-06              4.9547e-05             2     
    even_MAG-GUT68007.fa         3.0733e-05                   0.9847                   0.015033                 0.00015706               2.2196e-14               4.4029e-06               7.045e-05             2     
    even_MAG-GUT68023.fa         0.00019783                  0.98141                    0.01795                 0.00041361               2.2196e-14               3.2822e-06              2.5241e-05             2     
    even_MAG-GUT68157.fa         0.00010129                  0.98895                   0.010714                 0.00019637               2.2198e-14               6.9987e-06              3.0573e-05             2     
    even_MAG-GUT68189.fa          0.0062669                  0.91894                  0.0059329                    0.01333                 0.039488                0.0030035                0.013036             2     
    even_MAG-GUT68197.fa         0.00013638                  0.98143                    0.01793                 0.00040581               2.2195e-14               3.8419e-06              9.1578e-05             2     
    even_MAG-GUT68475.fa         0.00013776                  0.98567                   0.013774                  0.0003453               2.2197e-14               1.0334e-05              6.1857e-05             2     
    even_MAG-GUT68642.fa          0.0035373                  0.97155                  0.0055748                  0.0094309               2.6121e-14               1.2422e-06               0.0099044             2     
    even_MAG-GUT68659.fa         9.8216e-05                  0.98088                   0.018559                 0.00040838               2.2195e-14               4.9921e-06               4.616e-05             2     
    even_MAG-GUT68697.fa          0.0003777                  0.98844                  0.0052782                  0.0025386               2.2204e-14               9.1207e-07               0.0033684             2     
    even_MAG-GUT68968.fa         0.00065778                  0.99219                  0.0033909                 0.00079689               2.2203e-14               1.0273e-06               0.0029678             2     
    even_MAG-GUT69048.fa         0.00013921                  0.97517                   0.024007                 0.00063271               2.2194e-14               6.3414e-06              4.8316e-05             2     
    even_MAG-GUT69117.fa          0.0023885                  0.98784                  0.0034506                  0.0033952               2.2202e-14                5.868e-07               0.0029205             2     
    even_MAG-GUT69121.fa          0.0015075                  0.98078                  0.0043312                  0.0028059               2.2203e-14               1.4335e-06                0.010571             2     
    even_MAG-GUT69224.fa          0.0018631                   0.9517                  0.0055347                   0.021017               2.5336e-14               1.7629e-06                0.019881             2     
    even_MAG-GUT69229.fa            0.01404                  0.91888                  0.0069766                  0.0045477                 0.040449                0.0030872                0.012024             2     
    even_MAG-GUT69434.fa          0.0010695                  0.98443                  0.0042901                   0.005929               2.2203e-14               7.6829e-07               0.0042813             2     
    even_MAG-GUT69447.fa          0.0054507                  0.98481                  0.0051249                  0.0017446               2.2202e-14               8.6494e-07               0.0028712             2     
    even_MAG-GUT74324.fa         9.8075e-05                  0.97981                   0.019924                 0.00011519               2.2195e-14               3.2497e-06              4.7831e-05             2     
    even_MAG-GUT74347.fa         0.00011318                  0.98229                   0.017362                 0.00015455               2.2195e-14               2.0291e-05               6.357e-05             2     
    even_MAG-GUT7772.fa           0.0002734                  0.98349                   0.015917                 0.00027497               2.2196e-14               3.7539e-06              4.3294e-05             2     
    even_MAG-GUT80568.fa         3.3118e-05                  0.98336                   0.016173                 0.00036151               2.2196e-14               1.1921e-05              5.6656e-05             2     
    even_MAG-GUT81959.fa         0.00052558                  0.97486                   0.023682                 0.00083443               2.2198e-14                1.639e-05              8.2509e-05             2     
    even_MAG-GUT85070.fa         0.00010735                  0.99492                  0.0038613                 0.00046652               2.2201e-14                5.144e-07              0.00064912             2     
    even_MAG-GUT86606.fa         0.00010688                  0.98101                   0.018651                 0.00018654               2.2195e-14               1.3394e-05               2.961e-05             2     
    even_MAG-GUT88052.fa         5.4895e-05                  0.97443                   0.024578                 0.00086611               2.2193e-14                8.813e-06              6.1643e-05             2     
    even_MAG-GUT88444.fa         0.00011389                  0.99265                   0.006004                 0.00040495                 2.22e-14               1.1526e-06              0.00082578             2     
    even_MAG-GUT9016.fa          0.00015727                  0.99505                  0.0040642                 0.00020038                 2.22e-14               6.7384e-07              0.00052629             2     
    even_MAG-GUT91633.fa         0.00014997                  0.98869                  0.0070592                  0.0036485               2.2203e-14               1.1353e-06              0.00044673             2     
    even_MAG-GUT91733.fa          0.0013525                  0.97636                  0.0036697                  0.0034601               2.2203e-14               9.6682e-07                0.015161             2     
    even_MAG-GUT91735.fa          0.0013525                  0.97636                  0.0036697                  0.0034601               2.2203e-14               9.6682e-07                0.015161             2     
    even_MAG-GUT91947.fa           0.013907                  0.84072                   0.007115                  0.0072505                  0.11026                0.0039803                0.016771             2     
    even_MAG-GUT92065.fa            0.00464                  0.96923                  0.0039361                  0.0060226                2.588e-14               1.1278e-06                0.016175             2     
    even_MAG-GUT9523.fa          7.5783e-05                  0.98472                   0.014689                 0.00043718               2.2196e-14               1.4795e-05              6.2221e-05             2     


outputPath = 

    ""


outputPath = 

    "outputs-HGR-r202/test-o__Actinomycetales_split_pruned.xlsx"

Process completed 
[?1l>