MATLAB is selecting SOFTWARE OPENGL rendering.
[?1h=
                            < M A T L A B (R) >
                  Copyright 1984-2019 The MathWorks, Inc.
              R2019b Update 5 (9.7.0.1319299) 64-bit (glnxa64)
                             February 19, 2020

 
To get started, type doc.
For product information, visit www.mathworks.com.
 
[H[J
basePath = 

    ""


dataSetPath = 

    "/mnt/sda/DeepMicrobes-data/labeled_genome-r202/o__Coriobacteriales_split_pruned"


testSetPath = 

    "/mnt/sda/DeepMicrobes-data/labeled_genome-r202/hgr_mags/o__Coriobacteriales"

Reading sequences .... 
Starting parallel pool (parpool) using the 'local' profile ...
Starting parallel pool (parpool) using the 'local' profile ...
Starting parallel pool (parpool) using the 'local' profile ...
Starting parallel pool (parpool) using the 'local' profile ...
Starting parallel pool (parpool) using the 'local' profile ...
Generating CGRs.... 
totalSeq is: 3452
Starting parallel pool (parpool) using the 'local' profile ...
Starting parallel pool (parpool) using the 'local' profile ...
Computing disMat .... 
Starting parallel pool (parpool) using the 'local' profile ...
Performing classification .... 

minSeqLen =

     0


maxSeqLen =

     0

dataSet is:/mnt/sda/DeepMicrobes-data/labeled_genome-r202/hgr_mags/o__Coriobacteriales
Starting parallel pool (parpool) using the 'local' profile ...
Starting parallel pool (parpool) using the 'local' profile ...
Starting parallel pool (parpool) using the 'local' profile ...
numTestSeq is: 62

clusterNames =

  1x5 cell array

  Columns 1 through 3

    {'1-f__Atopobiaceae'}    {'f__Coriobacter...'}    {'f__Eggerthella...'}

  Columns 4 through 5

    {'f__QAMH01'}    {'f__UMGS124'}


clusterNames =

  1x5 cell array

  Columns 1 through 3

    {'1-f__Atopobiaceae'}    {'2-f__Coriobact...'}    {'f__Eggerthella...'}

  Columns 4 through 5

    {'f__QAMH01'}    {'f__UMGS124'}


clusterNames =

  1x5 cell array

  Columns 1 through 3

    {'1-f__Atopobiaceae'}    {'2-f__Coriobact...'}    {'3-f__Eggerthel...'}

  Columns 4 through 5

    {'f__QAMH01'}    {'f__UMGS124'}


clusterNames =

  1x5 cell array

  Columns 1 through 3

    {'1-f__Atopobiaceae'}    {'2-f__Coriobact...'}    {'3-f__Eggerthel...'}

  Columns 4 through 5

    {'4-f__QAMH01'}    {'f__UMGS124'}


clusterNames =

  1x5 cell array

  Columns 1 through 3

    {'1-f__Atopobiaceae'}    {'2-f__Coriobact...'}    {'3-f__Eggerthel...'}

  Columns 4 through 5

    {'4-f__QAMH01'}    {'5-f__UMGS124'}

  Columns 1 through 3

    '1-f__Atopobiaceae'    '2-f__Coriobacter...'    '3-f__Eggerthella...'

  Columns 4 through 5

    '4-f__QAMH01'    '5-f__UMGS124'


header =

  1x6 cell array

  Columns 1 through 3

    {'1-f__Atopobiaceae'}    {'2-f__Coriobact...'}    {'3-f__Eggerthel...'}

  Columns 4 through 6

    {'4-f__QAMH01'}    {'5-f__UMGS124'}    {'prediction'}


T3 =

  62x6 table

                            1-f__Atopobiaceae    2-f__Coriobacteriaceae    3-f__Eggerthellaceae    4-f__QAMH01    5-f__UMGS124    prediction
                            _________________    ______________________    ____________________    ___________    ____________    __________

    even_MAG-GUT1016.fa        0.00012357               0.0054977                   0.9943         5.8876e-05      2.3423e-05         3     
    even_MAG-GUT10928.fa        0.0014123                 0.99432               0.00018918          0.0017601       0.0023195         2     
    even_MAG-GUT12393.fa       0.00058228                 0.82749                  0.17156         0.00025546      0.00011992         2     
    even_MAG-GUT1389.fa        1.9896e-06              0.00033448                  0.99845         0.00090494      0.00031308         3     
    even_MAG-GUT15850.fa       1.8347e-06               0.0024803                  0.99681         0.00038149      0.00032741         3     
    even_MAG-GUT15909.fa        0.0014406                 0.99081               0.00033947          7.728e-05       0.0073325         2     
    even_MAG-GUT16149.fa          0.35681                 0.01227                  0.62895          7.236e-05       0.0018986         3     
    even_MAG-GUT17247.fa          0.80826                 0.14993               6.7201e-06         9.8278e-07        0.041806         1     
    even_MAG-GUT18429.fa          0.98893               0.0051783               3.8682e-06         6.3322e-05         0.00582         1     
    even_MAG-GUT1975.fa           0.92313                0.012611               2.3269e-05         5.3911e-06        0.064233         1     
    even_MAG-GUT1986.fa           0.94683               0.0057192               3.4323e-06         4.5963e-05        0.047404         1     
    even_MAG-GUT21962.fa          0.87872                 0.08199               5.8903e-05         4.1353e-06        0.039226         1     
    even_MAG-GUT23753.fa          0.95846               0.0020239               3.4484e-05         1.9223e-05        0.039467         1     
    even_MAG-GUT25519.fa       4.5873e-07              2.1642e-06                  0.98068         0.00016011        0.019158         3     
    even_MAG-GUT25763.fa       7.3421e-08                0.014679                   0.9852         6.7784e-06      0.00011776         3     
    even_MAG-GUT25961.fa        8.398e-07               0.0033516                  0.99464         0.00011126       0.0018944         3     
    even_MAG-GUT26205.fa       3.3691e-07              0.00012109                  0.99509          0.0042704      0.00051853         3     
    even_MAG-GUT26303.fa       6.7692e-06               0.0059009                  0.99291          0.0010081       0.0001738         3     
    even_MAG-GUT26387.fa       2.7214e-07               0.0019617                  0.99592         0.00037904       0.0017384         3     
    even_MAG-GUT26459.fa       8.2657e-08               0.0070614                  0.99229         3.2057e-05      0.00061694         3     
    even_MAG-GUT26531.fa       4.6284e-05              6.2211e-05                  0.99305          0.0064899      0.00035155         3     
    even_MAG-GUT26562.fa       2.5946e-07               0.0090365                  0.98971         0.00012229       0.0011332         3     
    even_MAG-GUT29414.fa       0.00069431                 0.98637                0.0072646         0.00094828       0.0047277         2     
    even_MAG-GUT29494.fa        0.0020538                 0.98606                0.0017452         0.00024624       0.0098962         2     
    even_MAG-GUT31502.fa          0.88858                0.021665               1.0871e-05         1.0021e-05        0.089731         1     
    even_MAG-GUT32356.fa          0.88512               0.0053542                1.569e-05         4.5018e-06         0.10951         1     
    even_MAG-GUT32889.fa          0.96788               0.0033127               6.9619e-05         3.1337e-05        0.028711         1     
    even_MAG-GUT32902.fa          0.94723                0.037488               2.1259e-05         9.2984e-06        0.015248         1     
    even_MAG-GUT33244.fa         0.017574                 0.93393                0.0037598           0.013544        0.031195         2     
    even_MAG-GUT33557.fa        0.0040932                 0.98587                0.0071332          0.0012904       0.0016106         2     
    even_MAG-GUT33569.fa         0.039904                 0.93044                0.0027161          0.0040681        0.022876         2     
    even_MAG-GUT34594.fa        0.0057447                 0.98908                0.0026999         0.00098944        0.001486         2     
    even_MAG-GUT35198.fa        0.0009384                 0.97634                 0.013656         7.3923e-05       0.0089897         2     
    even_MAG-GUT35271.fa       0.00054192                 0.99111                0.0062375         0.00034306       0.0017724         2     
    even_MAG-GUT3531.fa        5.9302e-05               0.0066853                  0.99269         0.00050079      6.3036e-05         3     
    even_MAG-GUT37024.fa        0.0047892                 0.98793                0.0025301         6.3339e-05       0.0046916         2     
    even_MAG-GUT38263.fa       0.00099101                 0.99575               0.00057021         0.00031783       0.0023681         2     
    even_MAG-GUT39108.fa         0.013151              0.00080233                  0.98362         0.00051639       0.0019063         3     
    even_MAG-GUT3922.fa           0.12912              8.8466e-05                  0.86784         0.00016645       0.0027894         3     
    even_MAG-GUT4044.fa        7.2338e-05                 0.70317                  0.29663         9.6043e-05      3.0861e-05         2     
    even_MAG-GUT44688.fa        0.0029626                 0.98536                0.0007367          3.438e-05         0.01091         2     
    even_MAG-GUT45090.fa        0.0013506                0.073562                  0.92503         4.1308e-05      1.9561e-05         3     
    even_MAG-GUT5486.fa          0.003719                 0.96413                 0.015572         8.5169e-05        0.016493         2     
    even_MAG-GUT57392.fa        0.0012252                 0.98609                0.0041984          0.0075342      0.00095601         2     
    even_MAG-GUT57492.fa         0.013588                 0.94513                0.0098144         2.7864e-05        0.031445         2     
    even_MAG-GUT57819.fa         3.25e-07               0.0017814                  0.99617          0.0010814      0.00096895         3     
    even_MAG-GUT59296.fa       7.3652e-08               0.0019071                  0.99751         0.00012669      0.00046039         3     
    even_MAG-GUT59532.fa         0.025428                 0.95439                0.0032916          0.0066223        0.010266         2     
    even_MAG-GUT59561.fa        0.0025174                 0.98227               0.00072715         0.00030679        0.014177         2     
    even_MAG-GUT59569.fa         0.085793                 0.90485               0.00015921          0.0079212       0.0012742         2     
    even_MAG-GUT61666.fa         0.015151                 0.90675                 0.014985         0.00010938        0.063008         2     
    even_MAG-GUT62293.fa       3.0602e-07               0.0012265                  0.99349         0.00086239       0.0044221         3     
    even_MAG-GUT68598.fa       2.4471e-05               0.0055565                   0.9944         1.1029e-05       8.173e-06         3     
    even_MAG-GUT80720.fa         0.028875              9.5376e-05                  0.96129         0.00019593       0.0095388         3     
    even_MAG-GUT80819.fa       5.8326e-07                0.010646                  0.98922         4.1495e-05      9.0087e-05         3     
    even_MAG-GUT82008.fa         0.003693                0.010018                  0.98626         6.2716e-06      2.3116e-05         3     
    even_MAG-GUT85133.fa       0.00061391                  0.9752               0.00039382         0.00016693        0.023622         2     
    even_MAG-GUT8776.fa        1.0361e-07               0.0010875                  0.99754         5.0305e-05       0.0013257         3     
    even_MAG-GUT89959.fa          0.99701              0.00053793                0.0019878         0.00039436      7.0536e-05         1     
    even_MAG-GUT90583.fa          0.99653              0.00037339                 0.002256         0.00079424      4.6384e-05         1     
    even_MAG-GUT9228.fa        7.3117e-08               0.0014233                   0.9956         0.00069728       0.0022764         3     
    even_MAG-GUT9760.fa           0.97232                0.015015               4.1204e-06         2.8891e-05        0.012634         1     


outputPath = 

    "outputs-HGR-r202/test-o__Coriobacteriales_split_pruned.xlsx"

Process completed 
[?1l>