MATLAB is selecting SOFTWARE OPENGL rendering.
[?1h=
                            < M A T L A B (R) >
                  Copyright 1984-2019 The MathWorks, Inc.
              R2019b Update 5 (9.7.0.1319299) 64-bit (glnxa64)
                             February 19, 2020

 
To get started, type doc.
For product information, visit www.mathworks.com.
 
[H[J
basePath = 

    ""


dataSetPath = 

    "/mnt/sda/DeepMicrobes-data/labeled_genome-r202/o__Coriobacteriales_split_pruned"


testSetPath = 

    "/mnt/sda/DeepMicrobes-data/labeled_genome-r202/hgr_mags/o__Coriobacteriales"

Reading sequences .... 
Starting parallel pool (parpool) using the 'local' profile ...
Starting parallel pool (parpool) using the 'local' profile ...
Starting parallel pool (parpool) using the 'local' profile ...
Starting parallel pool (parpool) using the 'local' profile ...
Starting parallel pool (parpool) using the 'local' profile ...
Generating CGRs.... 
totalSeq is: 3452
Starting parallel pool (parpool) using the 'local' profile ...
Starting parallel pool (parpool) using the 'local' profile ...
Computing disMat .... 
Starting parallel pool (parpool) using the 'local' profile ...
Performing classification .... 

minSeqLen =

     0


maxSeqLen =

     0

dataSet is:/mnt/sda/DeepMicrobes-data/labeled_genome-r202/hgr_mags/o__Coriobacteriales
Starting parallel pool (parpool) using the 'local' profile ...
Starting parallel pool (parpool) using the 'local' profile ...
Starting parallel pool (parpool) using the 'local' profile ...
numTestSeq is: 121

clusterNames =

  1x5 cell array

  Columns 1 through 3

    {'1-f__Atopobiaceae'}    {'f__Coriobacter...'}    {'f__Eggerthella...'}

  Columns 4 through 5

    {'f__QAMH01'}    {'f__UMGS124'}


clusterNames =

  1x5 cell array

  Columns 1 through 3

    {'1-f__Atopobiaceae'}    {'2-f__Coriobact...'}    {'f__Eggerthella...'}

  Columns 4 through 5

    {'f__QAMH01'}    {'f__UMGS124'}


clusterNames =

  1x5 cell array

  Columns 1 through 3

    {'1-f__Atopobiaceae'}    {'2-f__Coriobact...'}    {'3-f__Eggerthel...'}

  Columns 4 through 5

    {'f__QAMH01'}    {'f__UMGS124'}


clusterNames =

  1x5 cell array

  Columns 1 through 3

    {'1-f__Atopobiaceae'}    {'2-f__Coriobact...'}    {'3-f__Eggerthel...'}

  Columns 4 through 5

    {'4-f__QAMH01'}    {'f__UMGS124'}


clusterNames =

  1x5 cell array

  Columns 1 through 3

    {'1-f__Atopobiaceae'}    {'2-f__Coriobact...'}    {'3-f__Eggerthel...'}

  Columns 4 through 5

    {'4-f__QAMH01'}    {'5-f__UMGS124'}

  Columns 1 through 3

    '1-f__Atopobiaceae'    '2-f__Coriobacter...'    '3-f__Eggerthella...'

  Columns 4 through 5

    '4-f__QAMH01'    '5-f__UMGS124'


header =

  1x6 cell array

  Columns 1 through 3

    {'1-f__Atopobiaceae'}    {'2-f__Coriobact...'}    {'3-f__Eggerthel...'}

  Columns 4 through 6

    {'4-f__QAMH01'}    {'5-f__UMGS124'}    {'prediction'}


T3 =

  121x6 table

                            1-f__Atopobiaceae    2-f__Coriobacteriaceae    3-f__Eggerthellaceae    4-f__QAMH01    5-f__UMGS124    prediction
                            _________________    ______________________    ____________________    ___________    ____________    __________

    even_MAG-GUT1016.fa          0.019553                0.025817                  0.95282          0.0017639      4.7049e-05         3     
    even_MAG-GUT10928.fa        0.0019982                 0.98955               0.00028242          0.0081493      1.5868e-05         2     
    even_MAG-GUT11526.fa        0.0004356                 0.95183                 0.032357           0.015325      5.3131e-05         2     
    even_MAG-GUT12393.fa       0.00022886                 0.87891                  0.10072           0.020136        3.13e-06         2     
    even_MAG-GUT12533.fa        0.0021907                 0.87469                  0.10663           0.016485      2.7686e-06         2     
    even_MAG-GUT12691.fa       0.00027237                 0.75106                  0.21823           0.030427      5.7241e-06         2     
    even_MAG-GUT13333.fa       0.00060341                 0.68655                  0.25634           0.056509      4.9758e-06         2     
    even_MAG-GUT13881.fa          0.41401                0.023048                  0.54987           0.012038       0.0010315         3     
    even_MAG-GUT1389.fa        1.8017e-05               0.0012888                  0.99702          0.0016651      1.0024e-05         3     
    even_MAG-GUT14250.fa          0.16534                0.016452                  0.81396          0.0041637      7.9333e-05         3     
    even_MAG-GUT151.fa         0.00019239                  0.9367                 0.043982           0.019122       8.057e-07         2     
    even_MAG-GUT15625.fa          0.14474                0.016735                  0.82822           0.010262      4.2173e-05         3     
    even_MAG-GUT15850.fa       2.9733e-05                0.012954                  0.98649         0.00051894      1.1082e-05         3     
    even_MAG-GUT15909.fa       0.00037227                 0.99555               0.00068519          0.0033686      2.0221e-05         2     
    even_MAG-GUT16149.fa         0.041692                 0.08915                  0.83452           0.016744        0.017891         3     
    even_MAG-GUT16851.fa       0.00023423                 0.76299                   0.2249           0.011871      3.4142e-06         2     
    even_MAG-GUT17247.fa          0.92918                0.066842               4.9496e-06         0.00082791       0.0031423         1     
    even_MAG-GUT17705.fa        0.0010404                 0.96162                 0.028684          0.0086407      1.2899e-05         2     
    even_MAG-GUT18195.fa          0.13497                0.006553                  0.85417          0.0041466       0.0001691         3     
    even_MAG-GUT18429.fa          0.99294               0.0017839               5.2235e-06          0.0044878      0.00078145         1     
    even_MAG-GUT1975.fa           0.97942                0.005786               2.5664e-05          0.0013171        0.013449         1     
    even_MAG-GUT1986.fa           0.95059              0.00078234                5.217e-06          0.0019346        0.046687         1     
    even_MAG-GUT21962.fa          0.86864                 0.12751                4.432e-05           0.002151        0.001653         1     
    even_MAG-GUT22751.fa       0.00069653                  0.9532                  0.02881           0.017281      8.6934e-06         2     
    even_MAG-GUT23753.fa          0.97254               0.0024419               2.7116e-05         0.00058525        0.024411         1     
    even_MAG-GUT23967.fa        0.0025584                  0.9489                 0.034731           0.013716      9.5483e-05         2     
    even_MAG-GUT25075.fa          0.15502               0.0028414                  0.83823          0.0038667       4.591e-05         3     
    even_MAG-GUT25519.fa       1.3494e-06              0.00014397                  0.99756         0.00021982       0.0020703         3     
    even_MAG-GUT25763.fa       2.4345e-06               0.0081371                  0.99168         0.00016123      1.8251e-05         3     
    even_MAG-GUT25961.fa       1.2554e-05               0.0011062                  0.99585          0.0001945       0.0028398         3     
    even_MAG-GUT26205.fa       1.1402e-05              9.5113e-05                  0.99686         0.00066922       0.0023611         3     
    even_MAG-GUT26303.fa       3.5897e-05                0.023851                  0.97354          0.0025628      1.1763e-05         3     
    even_MAG-GUT26387.fa       4.2167e-06              0.00083719                  0.99377         0.00043851       0.0049497         3     
    even_MAG-GUT26459.fa       1.4572e-06               0.0093753                  0.98986         5.8377e-05      0.00070023         3     
    even_MAG-GUT26531.fa       0.00010292              0.00060291                  0.99382          0.0054338      3.9741e-05         3     
    even_MAG-GUT26562.fa       7.9721e-06               0.0037032                  0.99523         0.00034468      0.00071187         3     
    even_MAG-GUT2660.fa        7.1967e-05                 0.86035                  0.13591          0.0036607      1.0473e-06         2     
    even_MAG-GUT26803.fa         0.001399                 0.56636                  0.42299           0.009215      3.1675e-05         2     
    even_MAG-GUT2783.fa        0.00022673                 0.88346                  0.10397           0.012347      5.9158e-07         2     
    even_MAG-GUT29414.fa        0.0013504                 0.98768                0.0051637          0.0057897      1.4748e-05         2     
    even_MAG-GUT29494.fa       0.00082838                 0.98479                 0.003558           0.010762      6.2655e-05         2     
    even_MAG-GUT30102.fa        0.0042623                 0.79445                 0.099525            0.10175      1.1118e-05         2     
    even_MAG-GUT31502.fa          0.97598               0.0063153               1.8513e-05         0.00059464        0.017094         1     
    even_MAG-GUT31546.fa          0.25851                0.011372                  0.72365          0.0059577      0.00051186         3     
    even_MAG-GUT32356.fa          0.95998               0.0024592                2.877e-05          0.0018453        0.035686         1     
    even_MAG-GUT32404.fa       1.3902e-05                 0.67675                  0.31987          0.0033685      4.8921e-07         2     
    even_MAG-GUT32509.fa       0.00011279                 0.93119                 0.051377           0.017313      8.8205e-06         2     
    even_MAG-GUT32879.fa        0.0022979                  0.8089                  0.13365           0.055148      3.9217e-06         2     
    even_MAG-GUT32889.fa          0.98119               0.0018755               6.1522e-05           0.010185       0.0066826         1     
    even_MAG-GUT32902.fa          0.97418                0.018845               1.6944e-05         0.00069085       0.0062717         1     
    even_MAG-GUT33244.fa         0.013067                 0.95826                0.0015175           0.027009      0.00014544         2     
    even_MAG-GUT33324.fa       0.00034004                   0.853                  0.12727           0.019379      4.9472e-06         2     
    even_MAG-GUT33557.fa        0.0011768                 0.99504               0.00062723          0.0031434       9.739e-06         2     
    even_MAG-GUT33569.fa          0.03567                 0.93899                0.0055983           0.019538       0.0002068         2     
    even_MAG-GUT33914.fa       2.6356e-06                 0.59548                  0.40441         2.7157e-05      7.8822e-05         2     
    even_MAG-GUT34594.fa        0.0013806                 0.97579                0.0057885           0.017031      6.5882e-06         2     
    even_MAG-GUT35087.fa       0.00030744                 0.81061                  0.13255           0.056529      1.1697e-06         2     
    even_MAG-GUT35198.fa       0.00063591                 0.98958                0.0057721          0.0039624      5.1937e-05         2     
    even_MAG-GUT35206.fa       9.2158e-05                 0.91053                 0.086049          0.0033194      8.1237e-06         2     
    even_MAG-GUT35271.fa         0.000139                 0.98701                 0.008826          0.0040116      1.3269e-05         2     
    even_MAG-GUT3531.fa         0.0015525                0.011226                  0.98372          0.0034941      5.5221e-06         3     
    even_MAG-GUT35597.fa        0.0001713                 0.63805                  0.32089           0.040885      3.4298e-06         2     
    even_MAG-GUT36441.fa       0.00015251                  0.8572                  0.13838           0.004268      9.5522e-07         2     
    even_MAG-GUT3651.fa        3.7979e-05                 0.88974                   0.1048          0.0054181       7.178e-07         2     
    even_MAG-GUT3702.fa          0.002548                 0.96156                  0.02565           0.010229      1.1781e-05         2     
    even_MAG-GUT37024.fa        0.0028058                 0.99203                0.0017032          0.0034344       2.431e-05         2     
    even_MAG-GUT37154.fa       4.3834e-05                 0.88791                  0.11091          0.0011334      1.1649e-06         2     
    even_MAG-GUT37934.fa       0.00032214                 0.65559                  0.33082           0.013269      4.1702e-06         2     
    even_MAG-GUT38016.fa          0.37052               0.0059871                  0.61578          0.0076866      3.4874e-05         3     
    even_MAG-GUT38263.fa       0.00091891                 0.99793                0.0004677         0.00066715      1.9057e-05         2     
    even_MAG-GUT38584.fa       0.00072211                 0.71779                  0.24755            0.03394      1.7332e-06         2     
    even_MAG-GUT38999.fa          0.39214                0.010637                  0.58828          0.0084565      0.00049026         3     
    even_MAG-GUT39108.fa        0.0068605               0.0015477                  0.97795          0.0037316       0.0099064         3     
    even_MAG-GUT39152.fa       0.00065139                 0.75067                  0.21454            0.03413      4.9427e-06         2     
    even_MAG-GUT3922.fa          0.019267              0.00031091                  0.95631          0.0017598        0.022355         3     
    even_MAG-GUT4044.fa        0.00096738                 0.81044                   0.1647           0.023888      5.7168e-06         2     
    even_MAG-GUT4062.fa        1.5802e-05                 0.95926                 0.035045          0.0056777      1.4298e-06         2     
    even_MAG-GUT4125.fa        0.00068357                 0.78694                  0.17992           0.032451      3.7407e-06         2     
    even_MAG-GUT4207.fa        0.00017494                 0.92483                 0.031969            0.04302      1.3593e-06         2     
    even_MAG-GUT44688.fa        0.0048898                 0.98877                0.0013614           0.004433      0.00054114         2     
    even_MAG-GUT45090.fa       7.6887e-05                 0.10956                  0.88772          0.0026456      1.5763e-07         3     
    even_MAG-GUT4832.fa        0.00015172                 0.82581                  0.16773          0.0063099      1.4716e-06         2     
    even_MAG-GUT50219.fa       5.1977e-05                 0.98107                 0.015893          0.0029869      7.5479e-07         2     
    even_MAG-GUT54544.fa        0.0010974                 0.80152                 0.092938            0.10444      7.8429e-06         2     
    even_MAG-GUT5486.fa         0.0016801                 0.98948                0.0070968          0.0015439      0.00019693         2     
    even_MAG-GUT56948.fa       0.00017429                 0.93276                 0.052033           0.015035      1.8816e-06         2     
    even_MAG-GUT57094.fa       0.00018001                 0.75002                  0.23067           0.019133       1.482e-06         2     
    even_MAG-GUT57392.fa       4.8581e-05                 0.95462                0.0012128           0.044115      6.7047e-07         2     
    even_MAG-GUT57492.fa        0.0027965                 0.98663                0.0031541          0.0068866       0.0005294         2     
    even_MAG-GUT57682.fa       0.00032642                 0.93309                 0.065335          0.0012492      3.2525e-07         2     
    even_MAG-GUT57819.fa       1.4788e-05              0.00088142                    0.997          0.0008764        0.001231         3     
    even_MAG-GUT57904.fa       0.00026075                 0.83423                  0.16089          0.0046135      2.2329e-06         2     
    even_MAG-GUT58156.fa       9.5877e-05                  0.9577                 0.034733          0.0074694      2.6546e-06         2     
    even_MAG-GUT58768.fa       0.00038358                 0.82168                  0.16697           0.010959      1.1703e-06         2     
    even_MAG-GUT59114.fa        0.0063699                 0.85943                  0.10944           0.024736      2.5454e-05         2     
    even_MAG-GUT59205.fa       0.00032538                 0.80829                  0.17793           0.013447      1.5239e-06         2     
    even_MAG-GUT59296.fa        2.823e-06              0.00065368                  0.99786          0.0010918      0.00038796         3     
    even_MAG-GUT59532.fa        0.0052323                 0.97624                0.0020413           0.016439      4.4707e-05         2     
    even_MAG-GUT59561.fa        0.0013166                 0.99467               0.00021509          0.0037409      5.4619e-05         2     
    even_MAG-GUT59569.fa         0.073276                 0.89572               0.00046389           0.030474      6.7015e-05         2     
    even_MAG-GUT61666.fa         0.019585                 0.90784                 0.043361           0.026131       0.0030823         2     
    even_MAG-GUT62293.fa       7.9533e-06              0.00025998                  0.99347         0.00030782       0.0059583         3     
    even_MAG-GUT62370.fa          0.27076                0.024018                  0.70111          0.0038137      0.00030258         3     
    even_MAG-GUT6856.fa         0.0064643                 0.98363                0.0054975          0.0043997      7.4461e-06         2     
    even_MAG-GUT68598.fa        0.0090256                0.016144                  0.97442         0.00039364      1.3243e-05         3     
    even_MAG-GUT6929.fa          0.014226                 0.93381                 0.047984          0.0039647      1.6487e-05         2     
    even_MAG-GUT79219.fa       0.00021329                 0.98019                 0.015102          0.0044885      9.5938e-06         2     
    even_MAG-GUT80384.fa       0.00072173              0.00075067                  0.98901          0.0031648        0.006351         3     
    even_MAG-GUT80720.fa        0.0016619              0.00011116                  0.95561         0.00090668        0.041709         3     
    even_MAG-GUT80819.fa        6.539e-05                0.044869                  0.95487         0.00017079      2.2801e-05         3     
    even_MAG-GUT81523.fa          0.11635               0.0082086                  0.86646           0.008926      4.9993e-05         3     
    even_MAG-GUT82008.fa       0.00026962               0.0099166                  0.98693          0.0028876      4.5861e-08         3     
    even_MAG-GUT85133.fa        0.0038166                 0.96934                 0.006017           0.020125      0.00070482         2     
    even_MAG-GUT8640.fa        0.00010691                 0.89781                  0.09552          0.0065557      7.0562e-06         2     
    even_MAG-GUT8776.fa        2.9041e-06              0.00037125                  0.99625         0.00010956       0.0032675         3     
    even_MAG-GUT89959.fa          0.99604               0.0022241               0.00091702           0.000701      0.00012007         1     
    even_MAG-GUT90583.fa          0.99741              0.00055638               0.00075868          0.0010395      0.00023614         1     
    even_MAG-GUT9228.fa        1.9074e-06               0.0012886                  0.99393          0.0001384       0.0046393         3     
    even_MAG-GUT9744.fa           0.33271                  0.3752                   0.2334           0.032177        0.026512         2     
    even_MAG-GUT9760.fa           0.98239                0.011414               8.1498e-06         0.00023078       0.0059522         1     
    even_MAG-GUT9970.fa           0.28541                 0.31055                  0.28853           0.057941         0.05758         2     


outputPath = 

    ""


outputPath = 

    "outputs-HGR-r202/test-o__Coriobacteriales_split_pruned.xlsx"

Process completed 
[?1l>