MATLAB is selecting SOFTWARE OPENGL rendering.
[?1h=
                            < M A T L A B (R) >
                  Copyright 1984-2019 The MathWorks, Inc.
              R2019b Update 5 (9.7.0.1319299) 64-bit (glnxa64)
                             February 19, 2020

 
To get started, type doc.
For product information, visit www.mathworks.com.
 
[H[J
basePath = 

    ""


dataSetPath = 

    "/mnt/sda/DeepMicrobes-data/labeled_genome-r202/o__Oscillospirales_split_pruned"


testSetPath = 

    "/mnt/sda/DeepMicrobes-data/labeled_genome-r202/hgr_mags/o__Oscillospirales"

Reading sequences .... 
Starting parallel pool (parpool) using the 'local' profile ...
Starting parallel pool (parpool) using the 'local' profile ...
Starting parallel pool (parpool) using the 'local' profile ...
Starting parallel pool (parpool) using the 'local' profile ...
Starting parallel pool (parpool) using the 'local' profile ...
Starting parallel pool (parpool) using the 'local' profile ...
Starting parallel pool (parpool) using the 'local' profile ...
Starting parallel pool (parpool) using the 'local' profile ...
Starting parallel pool (parpool) using the 'local' profile ...
Generating CGRs.... 
totalSeq is: 3346
Starting parallel pool (parpool) using the 'local' profile ...
Starting parallel pool (parpool) using the 'local' profile ...
Computing disMat .... 
Starting parallel pool (parpool) using the 'local' profile ...
Performing classification .... 

minSeqLen =

     0


maxSeqLen =

     0

dataSet is:/mnt/sda/DeepMicrobes-data/labeled_genome-r202/hgr_mags/o__Oscillospirales
Starting parallel pool (parpool) using the 'local' profile ...
Starting parallel pool (parpool) using the 'local' profile ...
Starting parallel pool (parpool) using the 'local' profile ...
numTestSeq is: 1054

clusterNames =

  1x9 cell array

  Columns 1 through 3

    {'1-f__Acutaliba...'}    {'f__Butyricicoc...'}    {'f__CAG-272'}

  Columns 4 through 6

    {'f__CAG-382'}    {'f__Oscillospir...'}    {'f__QAMX01'}

  Columns 7 through 9

    {'f__Ruminococca...'}    {'f__UBA644'}    {'f__UMGS1783'}


clusterNames =

  1x9 cell array

  Columns 1 through 3

    {'1-f__Acutaliba...'}    {'2-f__Butyricic...'}    {'f__CAG-272'}

  Columns 4 through 6

    {'f__CAG-382'}    {'f__Oscillospir...'}    {'f__QAMX01'}

  Columns 7 through 9

    {'f__Ruminococca...'}    {'f__UBA644'}    {'f__UMGS1783'}


clusterNames =

  1x9 cell array

  Columns 1 through 3

    {'1-f__Acutaliba...'}    {'2-f__Butyricic...'}    {'3-f__CAG-272'}

  Columns 4 through 6

    {'f__CAG-382'}    {'f__Oscillospir...'}    {'f__QAMX01'}

  Columns 7 through 9

    {'f__Ruminococca...'}    {'f__UBA644'}    {'f__UMGS1783'}


clusterNames =

  1x9 cell array

  Columns 1 through 3

    {'1-f__Acutaliba...'}    {'2-f__Butyricic...'}    {'3-f__CAG-272'}

  Columns 4 through 6

    {'4-f__CAG-382'}    {'f__Oscillospir...'}    {'f__QAMX01'}

  Columns 7 through 9

    {'f__Ruminococca...'}    {'f__UBA644'}    {'f__UMGS1783'}


clusterNames =

  1x9 cell array

  Columns 1 through 3

    {'1-f__Acutaliba...'}    {'2-f__Butyricic...'}    {'3-f__CAG-272'}

  Columns 4 through 6

    {'4-f__CAG-382'}    {'5-f__Oscillosp...'}    {'f__QAMX01'}

  Columns 7 through 9

    {'f__Ruminococca...'}    {'f__UBA644'}    {'f__UMGS1783'}


clusterNames =

  1x9 cell array

  Columns 1 through 3

    {'1-f__Acutaliba...'}    {'2-f__Butyricic...'}    {'3-f__CAG-272'}

  Columns 4 through 6

    {'4-f__CAG-382'}    {'5-f__Oscillosp...'}    {'6-f__QAMX01'}

  Columns 7 through 9

    {'f__Ruminococca...'}    {'f__UBA644'}    {'f__UMGS1783'}


clusterNames =

  1x9 cell array

  Columns 1 through 3

    {'1-f__Acutaliba...'}    {'2-f__Butyricic...'}    {'3-f__CAG-272'}

  Columns 4 through 6

    {'4-f__CAG-382'}    {'5-f__Oscillosp...'}    {'6-f__QAMX01'}

  Columns 7 through 9

    {'7-f__Ruminococ...'}    {'f__UBA644'}    {'f__UMGS1783'}


clusterNames =

  1x9 cell array

  Columns 1 through 3

    {'1-f__Acutaliba...'}    {'2-f__Butyricic...'}    {'3-f__CAG-272'}

  Columns 4 through 6

    {'4-f__CAG-382'}    {'5-f__Oscillosp...'}    {'6-f__QAMX01'}

  Columns 7 through 9

    {'7-f__Ruminococ...'}    {'8-f__UBA644'}    {'f__UMGS1783'}


clusterNames =

  1x9 cell array

  Columns 1 through 3

    {'1-f__Acutaliba...'}    {'2-f__Butyricic...'}    {'3-f__CAG-272'}

  Columns 4 through 6

    {'4-f__CAG-382'}    {'5-f__Oscillosp...'}    {'6-f__QAMX01'}

  Columns 7 through 9

    {'7-f__Ruminococ...'}    {'8-f__UBA644'}    {'9-f__UMGS1783'}

  Columns 1 through 3

    '1-f__Acutalibact...'    '2-f__Butyricicoc...'    '3-f__CAG-272'

  Columns 4 through 6

    '4-f__CAG-382'    '5-f__Oscillospir...'    '6-f__QAMX01'

  Columns 7 through 9

    '7-f__Ruminococca...'    '8-f__UBA644'    '9-f__UMGS1783'


header =

  1x10 cell array

  Columns 1 through 3

    {'1-f__Acutaliba...'}    {'2-f__Butyricic...'}    {'3-f__CAG-272'}

  Columns 4 through 6

    {'4-f__CAG-382'}    {'5-f__Oscillosp...'}    {'6-f__QAMX01'}

  Columns 7 through 9

    {'7-f__Ruminococ...'}    {'8-f__UBA644'}    {'9-f__UMGS1783'}

  Column 10

    {'prediction'}


T3 =

  1054x10 table

                            1-f__Acutalibacteraceae    2-f__Butyricicoccaceae    3-f__CAG-272    4-f__CAG-382    5-f__Oscillospiraceae    6-f__QAMX01    7-f__Ruminococcaceae    8-f__UBA644    9-f__UMGS1783    prediction
                            _______________________    ______________________    ____________    ____________    _____________________    ___________    ____________________    ___________    _____________    __________

    even_MAG-GUT10094.fa             0.68078                 1.8659e-07              0.28787       0.0027078            0.011911           0.0053927            0.011172         5.4863e-06       0.0001587          1     
    even_MAG-GUT10102.fa             0.46507                 2.5332e-07              0.46873       0.0020614            0.061404          0.00024757            0.002372         6.1164e-07      0.00011337          3     
    even_MAG-GUT10126.fa          0.00021598                 2.0768e-05            0.0010357      9.8907e-09           0.0077246          6.3637e-09               0.991         1.2825e-07      3.3477e-06          7     
    even_MAG-GUT10183.fa          8.3201e-05                 9.5508e-05            0.0021994      7.9106e-05            0.057831          0.00018132             0.93924         1.4707e-07      0.00028994          7     
    even_MAG-GUT10262.fa             0.98099                 0.00030383           0.00066394      3.6043e-07           0.0077419          7.2722e-06            0.010281         5.4341e-06      1.6284e-06          1     
    even_MAG-GUT10376.fa           0.0024912                 4.0932e-05            0.0001527      0.00018275          9.8635e-05          6.7617e-07             0.99702         1.3595e-05      1.5098e-06          7     
    even_MAG-GUT10454.fa             0.99947                 6.1754e-06           1.4186e-05      1.6065e-05          2.2414e-05          2.0667e-12          0.00046517         5.5463e-06       2.103e-07          1     
    even_MAG-GUT10512.fa             0.32212                 9.7882e-07              0.62745       0.0039214            0.020028          0.00010038            0.026341          8.093e-07      3.6507e-05          3     
    even_MAG-GUT10537.fa            0.022498                 6.2977e-06           3.0772e-05       5.316e-05          1.9903e-06          1.5046e-08             0.97741          1.211e-06      1.1039e-07          7     
    even_MAG-GUT10584.fa             0.98584                 0.00092972           1.4237e-06      5.8467e-06          0.00019764           4.255e-10            0.013021         2.4012e-06      2.7872e-07          1     
    even_MAG-GUT10599.fa             0.99966                 4.0008e-07            0.0001868      4.3256e-06          4.8818e-07          2.2228e-14          0.00013194         1.1556e-05      2.0109e-08          1     
    even_MAG-GUT10606.fa              0.9934                 3.8198e-05           0.00020703       0.0004551           1.549e-05          4.3304e-13           0.0051312          0.0007566      5.2673e-07          1     
    even_MAG-GUT10612.fa             0.06964                   3.35e-05           2.7691e-06       0.0001108          3.7165e-06           1.812e-08              0.9302         7.8061e-06      1.3231e-07          7     
    even_MAG-GUT10617.fa            0.013944                 1.6858e-05           1.3301e-05      0.00036605          1.7402e-06          2.4076e-08             0.98565         2.8752e-06      1.4754e-07          7     
    even_MAG-GUT10629.fa             0.99935                 4.4993e-05           1.1512e-05      5.7906e-06          1.4428e-05          1.6597e-11          0.00056884         1.7564e-06       1.857e-07          1     
    even_MAG-GUT10635.fa             0.97033                  0.0016767           0.00042024      0.00014301          0.00033247          0.00094532            0.026142          8.212e-06      2.0889e-06          1     
    even_MAG-GUT10653.fa             0.99901                 5.6683e-05           1.0138e-05      8.4314e-06          3.0401e-05          4.0296e-11          0.00088197         3.7993e-06       1.152e-07          1     
    even_MAG-GUT10701.fa           0.0032292                 0.00023373           3.1376e-07      8.1841e-08             0.99636          1.7875e-09          0.00018003         1.1764e-07      4.1078e-08          5     
    even_MAG-GUT10786.fa           0.0024494                  0.0001209           9.6102e-05        3.48e-08          0.00076955           8.462e-10             0.99656         7.3015e-07      3.5326e-06          7     
    even_MAG-GUT10835.fa             0.75361                  0.0022811             0.049829       1.235e-07            0.085663          2.8598e-06             0.10775         0.00083702      2.0973e-05          1     
    even_MAG-GUT10849.fa           0.0037131                 2.3944e-05           0.00034663       0.0012345          9.0941e-05          3.6766e-07             0.99458         5.3665e-06      2.6523e-06          7     
    even_MAG-GUT10866.fa            0.011135                 1.8754e-05           2.0998e-05      4.6693e-05          2.1884e-06          1.8107e-08             0.98877         3.9163e-06      1.0303e-07          7     
    even_MAG-GUT10881.fa             0.99983                 2.3672e-05           9.4977e-06      5.8193e-06          1.1825e-06           3.281e-13          0.00012571         7.9338e-06      1.6268e-07          1     
    even_MAG-GUT10883.fa             0.35571                 2.4153e-06            0.0017754      0.00010008          1.9994e-06          8.6644e-09             0.64241         8.1057e-08      8.2491e-08          7     
    even_MAG-GUT10909.fa             0.39916                 1.3851e-08               0.5991      0.00028967           0.0011601          0.00010775          0.00016485         1.9527e-08      1.9309e-05          3     
    even_MAG-GUT11063.fa             0.52497                 5.0222e-05             0.010425      0.00032449           7.045e-06          1.8294e-07             0.46422         6.4425e-08       7.973e-08          1     
    even_MAG-GUT11071.fa            0.014076                 4.6892e-05           9.8395e-06      0.00051967          1.9474e-06            4.27e-08             0.98534         3.6466e-06      1.0343e-07          7     
    even_MAG-GUT11152.fa             0.40552                  0.0056385             0.021889      4.3329e-07             0.34296          8.2546e-06             0.22294          0.0010294      1.3261e-05          1     
    even_MAG-GUT11153.fa           0.0039567                 0.00071601            0.0016361      8.7029e-07            0.017007          5.6461e-09             0.97658         6.4358e-06      9.3053e-05          7     
    even_MAG-GUT11169.fa            0.015668                 2.7783e-05           1.0662e-05        0.003041           1.259e-06          1.7699e-09             0.98123         2.1715e-05      6.7718e-08          7     
    even_MAG-GUT11171.fa          0.00087037                  0.0018502            0.0046756      3.1041e-05          0.00024494          2.8563e-07             0.99229         3.3334e-05      4.9961e-09          7     
    even_MAG-GUT11185.fa           0.0065942                 2.4895e-05           2.6828e-05      0.00050416          6.0555e-05          2.1004e-07             0.99278         4.3675e-06      1.2612e-06          7     
    even_MAG-GUT11304.fa             0.47429                  0.0064844              0.07938      2.4523e-07             0.12707           8.746e-06             0.31048          0.0022251      6.5896e-05          1     
    even_MAG-GUT11376.fa          0.00075057                 0.00029557             0.010553      2.9011e-08          0.00028156           3.886e-08              0.9881         1.6031e-05      7.2981e-07          7     
    even_MAG-GUT11399.fa            0.040576                 7.6235e-05           6.5071e-05      0.00036393          0.00018842           2.135e-07             0.95872         1.1207e-05      9.3671e-07          7     
    even_MAG-GUT11417.fa             0.44324                  0.0056284                0.128      1.2312e-06             0.36101          1.1276e-05            0.061008          0.0010855      1.2867e-05          1     
    even_MAG-GUT11449.fa             0.62685                 4.3893e-08              0.36509       1.132e-05           0.0075788          9.2045e-05          0.00035215         1.3174e-08       2.439e-05          1     
    even_MAG-GUT11526.fa            0.016769                   0.004061           0.00014925      9.2073e-07             0.97872          8.8966e-07          2.1431e-05         1.6172e-07        0.000277          5     
    even_MAG-GUT11531.fa           0.0067542                  1.625e-05           3.2874e-05      3.9267e-05          7.7081e-06            6.89e-08             0.99315         2.2496e-06      3.4054e-07          7     
    even_MAG-GUT11540.fa          0.00012345                 0.00010066            0.0043925      0.00029587            0.027812          0.00055916             0.96638         1.6424e-06      0.00032982          7     
    even_MAG-GUT11566.fa             0.15421                 1.5634e-07              0.61083        0.014976            0.036471          4.5425e-05             0.18343         1.0544e-06      3.2331e-05          3     
    even_MAG-GUT11693.fa          2.1597e-05                 0.00016338            0.0082644      2.3205e-05            0.069895          2.8879e-05             0.92088         3.8592e-07      0.00072577          7     
    even_MAG-GUT11741.fa           0.0013773                  0.0015746           0.00014041      3.0195e-05             0.98854          0.00012093           0.0077731         1.8408e-06       0.0004466          5     
    even_MAG-GUT11752.fa              0.2727                 4.5951e-07                0.602       0.0030465                0.07          0.00025244            0.051917         1.8076e-06      8.3261e-05          3     
    even_MAG-GUT11837.fa           0.0042705                 3.3759e-05           0.00082436      1.2966e-07          2.6115e-05          5.8756e-09             0.99481         4.9024e-06      2.5624e-05          7     
    even_MAG-GUT11964.fa             0.39455                 6.9363e-06              0.45191       0.0059328             0.14414          0.00051554           0.0025121         1.8116e-06      0.00042267          3     
    even_MAG-GUT12106.fa            0.049894                   0.002955           6.4846e-05      3.0801e-08             0.94631          1.8008e-06          0.00029685         8.0021e-07      0.00047853          5     
    even_MAG-GUT12186.fa             0.42034                 2.1351e-08               0.1989      0.00018172             0.37726           0.0012104           0.0020392         5.9651e-08      7.0781e-05          1     
    even_MAG-GUT12259.fa            0.016815                 2.5252e-05           9.2054e-06      0.00026412          4.0456e-06          1.8932e-08             0.98288         1.9313e-06      1.0356e-07          7     
    even_MAG-GUT12264.fa             0.99537                 1.1866e-08            0.0045891      7.7244e-06          1.0923e-06           4.516e-12          2.3589e-05         9.5641e-06      2.2569e-07          1     
    even_MAG-GUT12269.fa          2.1289e-05                 7.9231e-06           0.00026236      0.00024509              0.2209          1.5917e-05             0.77836         2.4016e-07      0.00019005          7     
    even_MAG-GUT12321.fa           0.0001097                 4.1192e-06            0.0021256      1.1326e-08           0.0062929          6.9409e-09             0.99146         1.0966e-07      8.5283e-06          7     
    even_MAG-GUT12340.fa            0.036969                 1.1083e-05           6.9039e-06      0.00038555          2.0527e-06          1.3776e-08             0.96262         9.5721e-06      8.1731e-08          7     
    even_MAG-GUT12391.fa           0.0094362                 2.0528e-05           2.9851e-05      5.5029e-05          6.0699e-05          1.3928e-07             0.99036         3.4977e-05      7.5789e-07          7     
    even_MAG-GUT12533.fa          0.00076163                 0.00028734           0.00054528       4.328e-08              0.9975          1.1633e-06           0.0006881         6.4911e-09       0.0002197          5     
    even_MAG-GUT12567.fa             0.99936                 4.5472e-06           1.4161e-06      5.9098e-05          6.3677e-07          2.2203e-14          0.00056525         4.2385e-06      2.5605e-08          1     
    even_MAG-GUT12636.fa            0.062802                 0.00082477           1.9843e-05      2.2588e-06             0.92985          1.5824e-06           0.0063833         0.00010592      7.0716e-06          5     
    even_MAG-GUT12643.fa             0.42805                   0.009105             0.057805       4.859e-07             0.15432          1.5234e-05             0.34972         0.00096255      1.7737e-05          1     
    even_MAG-GUT12644.fa             0.88703                  0.0002217             0.023049      0.00097335          0.00010273          5.5159e-10              0.0859          0.0027225      1.0426e-06          1     
    even_MAG-GUT12655.fa             0.33785                   7.24e-08              0.61764       0.0020564            0.028418          6.5606e-05            0.013957         1.2267e-06      1.3064e-05          3     
    even_MAG-GUT12678.fa          2.6433e-05                 2.5353e-05            0.0020456      3.0675e-05            0.076141          0.00016281             0.92099         2.5659e-07      0.00057791          7     
    even_MAG-GUT12691.fa           0.0097818                  2.056e-05            0.0010628      2.2918e-08             0.98908          4.3793e-07          8.5988e-06          6.084e-10      4.1751e-05          5     
    even_MAG-GUT12744.fa          0.00017524                  0.0023935           0.00027302      4.0953e-09          1.4334e-07          3.9932e-10             0.99716         1.7347e-06      6.2163e-07          7     
    even_MAG-GUT12759.fa            0.010175                  0.0070119             0.060092      3.5915e-06             0.02752          5.4191e-06             0.89519         9.6975e-07      8.3755e-07          7     
    even_MAG-GUT12771.fa           0.0049898                 6.0737e-05           4.8135e-05      6.5442e-05          2.0667e-05          1.7868e-07             0.99481         7.4687e-06      4.5397e-07          7     
    even_MAG-GUT12945.fa          0.00059781                 0.00020603            0.0014198       1.149e-07           0.0032271          7.6166e-09             0.99453         8.5169e-07       1.749e-05          7     
    even_MAG-GUT13038.fa           0.0063829                  0.0035127             0.046474      1.0934e-05            0.050904          9.0304e-06              0.8927         1.8151e-06      8.9446e-07          7     
    even_MAG-GUT13040.fa           0.0025369                 1.1405e-05           0.00014807      0.00091835           1.953e-05          2.7207e-08             0.99636         9.6977e-06      4.8492e-07          7     
    even_MAG-GUT13125.fa           0.0076465                 3.2331e-05           5.0886e-05       0.0001612          5.8708e-06          2.0786e-07             0.99209         1.6906e-05      4.9185e-07          7     
    even_MAG-GUT13177.fa           0.0011339                 0.00022117             0.001336      3.1007e-07            0.093044          9.3304e-09             0.90425         2.3097e-06      1.5452e-05          7     
    even_MAG-GUT13285.fa            0.033499                 6.3001e-06           9.2276e-06         0.00557          1.2691e-05          3.7499e-08             0.96089         6.9144e-06       5.474e-07          7     
    even_MAG-GUT13293.fa             0.99953                 1.2051e-06           0.00037357      1.2142e-05           1.497e-07          2.2211e-14          7.7876e-05         6.9888e-06      2.0169e-08          1     
    even_MAG-GUT13333.fa            0.027681                 1.0973e-05           9.8665e-05      1.6471e-07              0.9721           1.398e-06           2.318e-05         1.1273e-08      8.4673e-05          5     
    even_MAG-GUT13424.fa            0.013578                 3.4717e-05           7.1557e-05       0.0090022          0.00024161          1.0754e-06             0.97706         7.9377e-06      5.4397e-07          7     
    even_MAG-GUT13441.fa            0.010327                 1.9434e-05           9.1263e-06      0.00037155          9.1155e-06          3.9225e-08             0.98925         9.5419e-06      3.8677e-07          7     
    even_MAG-GUT13633.fa            0.025534                 1.7239e-05           1.4224e-05      0.00062997          1.0968e-06          2.0032e-08              0.9738         6.0391e-06      1.2794e-07          7     
    even_MAG-GUT13646.fa            0.039124                 0.00080316            0.0021488      1.0562e-05             0.95223          0.00060786           0.0047467         2.7506e-07      0.00032432          5     
    even_MAG-GUT13734.fa           0.0037917                 0.00097969            0.0014228      1.9068e-07            0.066002          1.5798e-08             0.92774         3.4455e-06      6.1726e-05          7     
    even_MAG-GUT13790.fa          1.6138e-05                 4.8609e-05            0.0036921       0.0001193            0.046957          1.3171e-05             0.94872         2.5847e-07      0.00043357          7     
    even_MAG-GUT13851.fa              0.4098                 4.0446e-07              0.50045       0.0014902            0.058829           0.0022302            0.027108         4.0824e-07       9.849e-05          3     
    even_MAG-GUT14114.fa           0.0057916                 5.8971e-05           6.6223e-05       0.0012656          6.9113e-06           4.135e-08              0.9928          9.726e-06      3.7227e-07          7     
    even_MAG-GUT14116.fa            0.039166                 0.00080368            0.0021504      1.0603e-05             0.95213          0.00060913           0.0048013         2.7609e-07        0.000326          5     
    even_MAG-GUT14383.fa          4.2213e-05                 4.5879e-05             0.003729      8.0729e-09           0.0032261          2.9489e-09             0.99295         2.9223e-07      9.1831e-06          7     
    even_MAG-GUT14477.fa           0.0067368                 0.00016106            0.0033319      3.6895e-07          0.00019017          5.7399e-09             0.98955         1.1494e-05      1.3789e-05          7     
    even_MAG-GUT14523.fa            0.010327                 1.9434e-05           9.1263e-06      0.00037155          9.1155e-06          3.9225e-08             0.98925         9.5419e-06      3.8677e-07          7     
    even_MAG-GUT14640.fa             0.34927                 4.2161e-10              0.63648      5.8118e-05            0.013359          5.1567e-05          0.00078046         8.5284e-09      2.6042e-06          3     
    even_MAG-GUT14683.fa            0.028631                 2.8146e-06           8.0117e-06      1.4819e-05          1.1745e-06          1.7987e-09             0.97134         2.8932e-06      7.7138e-08          7     
    even_MAG-GUT15028.fa             0.99281                 6.3857e-05           0.00015688      0.00010727          5.6205e-05          1.3503e-12           0.0066934         0.00011581      4.1481e-07          1     
    even_MAG-GUT15034.fa           0.0093987                 2.6654e-05           0.00010196      0.00037055          1.9932e-05          1.3596e-07             0.99008         1.0984e-06      9.1361e-07          7     
    even_MAG-GUT151.fa              0.021646                 0.00090034            0.0018529      3.3723e-07             0.97496           8.504e-06          0.00021555         2.1009e-08      0.00041192          5     
    even_MAG-GUT15133.fa            0.016832                 7.8484e-05           6.2164e-05        0.011179          0.00015723          3.5087e-07             0.97169         3.6473e-06      7.8977e-07          7     
    even_MAG-GUT15156.fa            0.017757                 8.1425e-06           1.3972e-05      8.2504e-05          1.2383e-05          2.0931e-08             0.98212         4.1923e-06      3.5853e-07          7     
    even_MAG-GUT15229.fa             0.96511                 4.2953e-05           0.00031701       0.0013393           0.0002312          6.5954e-12            0.031295          0.0016598      5.1538e-06          1     
    even_MAG-GUT15232.fa             0.20076                 1.6673e-05           3.5173e-06      0.00030758          3.4396e-07          9.2593e-10             0.79885         5.6839e-05       2.844e-08          7     
    even_MAG-GUT15246.fa             0.38665                   0.015956               0.3997       0.0010867            0.036326          9.6985e-06             0.14634         2.9536e-05        0.013909          3     
    even_MAG-GUT15285.fa             0.99981                 5.6365e-06           9.4342e-05      5.7677e-06          2.9847e-08          2.2207e-14          6.1697e-05         1.8373e-05      1.3039e-08          1     
    even_MAG-GUT15486.fa             0.22656                  3.015e-07              0.62682      5.8928e-05             0.13554           0.0012497           0.0097219         2.7554e-07      4.6232e-05          3     
    even_MAG-GUT15498.fa           0.0067479                 2.9277e-06           7.7911e-05        0.009942          0.00083801          1.8686e-07             0.98238         7.1147e-06      2.4472e-06          7     
    even_MAG-GUT15544.fa            0.010147                 0.00011628           1.3811e-05       0.0002242          4.6606e-05          2.2566e-07             0.98944         7.8335e-06      8.8627e-07          7     
    even_MAG-GUT15605.fa             0.59247                 1.3025e-08              0.32637      3.9633e-05            0.079064           0.0001456           0.0018755         6.0302e-08      3.4578e-05          1     
    even_MAG-GUT15872.fa             0.99072                 8.2449e-06           5.4493e-05      0.00011745          9.1061e-06          2.8845e-13           0.0087846         0.00030758      4.7038e-07          1     
    even_MAG-GUT15914.fa              0.6358                   0.018192             0.052618      8.3811e-07            0.045143          2.0479e-05             0.24742         0.00079455      1.0179e-05          1     
    even_MAG-GUT15989.fa          0.00013291                 0.00013326             0.013188      3.2809e-05           0.0088432          5.4067e-05             0.97654         4.6211e-07       0.0010724          7     
    even_MAG-GUT160.fa              0.038955                    0.94533             0.014206      6.9914e-05          0.00082623          2.2988e-05          0.00026051         8.3724e-07       0.0003291          2     
    even_MAG-GUT16017.fa             0.51991                 1.8695e-08              0.36501      2.7103e-05             0.11399           0.0001497          0.00088499          1.356e-08      3.4885e-05          1     
    even_MAG-GUT16113.fa             0.32369                   0.019641             0.091057      1.1685e-06             0.27056          2.4084e-05             0.29254          0.0024615      2.6673e-05          1     
    even_MAG-GUT16117.fa              0.5454                 3.9188e-09              0.39255      6.6497e-05            0.058942          0.00039642           0.0026254         4.5998e-08      1.8133e-05          1     
    even_MAG-GUT16156.fa             0.59175                   0.036475              0.33188      5.6614e-05           0.0023816           3.897e-06            0.035259         1.3735e-05       0.0021723          1     
    even_MAG-GUT16183.fa             0.35665                   0.015624              0.11647      1.2845e-06             0.43242          1.8315e-05            0.077203          0.0015904      1.9584e-05          5     
    even_MAG-GUT16297.fa              0.9684                 1.2433e-05            0.0010843      0.00054047           0.0019913          1.8601e-06            0.027963         4.5985e-06      3.0665e-06          1     
    even_MAG-GUT16398.fa             0.17618                 8.6656e-08              0.43151         0.03738            0.020674           8.196e-05             0.33411         3.8244e-06      5.4738e-05          3     
    even_MAG-GUT16496.fa            0.019328                  0.0049771              0.14665      2.9567e-06           0.0085585          4.0947e-06             0.82048         3.5638e-06      2.1256e-07          7     
    even_MAG-GUT16845.fa             0.50385                  0.0025248             0.047389      3.0063e-07              0.2419          2.3629e-06             0.20348         0.00083266      2.0885e-05          1     
    even_MAG-GUT16851.fa           0.0074326                 2.7043e-06           0.00017176      1.2011e-08              0.9923          3.7814e-07          4.9066e-06         4.4093e-10      8.3888e-05          5     
    even_MAG-GUT16881.fa           0.0083636                 9.5611e-05           0.00055295      0.00034432          2.2243e-05          2.3943e-07             0.99062         1.1738e-06      7.3408e-07          7     
    even_MAG-GUT1707.fa               0.9536                   0.013245           0.00081198       0.0026393          0.00029175          0.00020759            0.029159          4.136e-05      1.0347e-06          1     
    even_MAG-GUT17212.fa            0.015726                 0.00010697           1.7894e-05      5.2957e-07             0.98006          1.6594e-06           0.0040123         6.2857e-05      7.0587e-06          5     
    even_MAG-GUT17399.fa          0.00067133                   0.012524            0.0008484      7.2581e-08          0.00091176          4.1121e-09             0.98503         4.3864e-06      1.3333e-05          7     
    even_MAG-GUT17488.fa           0.0023058                  0.0046211              0.10327      5.1945e-05           0.0047097          2.3904e-06             0.88504         1.0996e-06      1.9728e-07          7     
    even_MAG-GUT17697.fa            0.011959                   0.001314            0.0029854      8.1754e-07            0.076536          4.9091e-08             0.90713         6.2293e-06      7.1123e-05          7     
    even_MAG-GUT17705.fa            0.012903                 0.00018703           0.00093415      2.9894e-07             0.98512          1.1018e-05          0.00037029          2.318e-08      0.00047748          5     
    even_MAG-GUT17733.fa             0.68445                   0.037285             0.016477      4.8659e-07             0.13919          4.5776e-05             0.12079          0.0017461      1.8848e-05          1     
    even_MAG-GUT17793.fa             0.29463                 1.8644e-07              0.68473      0.00047066           0.0086198          0.00024859            0.011284         4.6578e-07      1.3478e-05          3     
    even_MAG-GUT1792.fa              0.99691                  2.247e-07            0.0029336      1.3425e-05          3.1753e-06          1.9071e-11          0.00012718         1.3604e-05      2.8322e-07          1     
    even_MAG-GUT1796.fa            0.0090502                  5.681e-05           4.0466e-05       0.0013081          6.1809e-06          1.2493e-07             0.98952         1.7049e-05      1.7225e-07          7     
    even_MAG-GUT1806.fa            0.0057474                 2.3826e-05           1.0706e-05       0.0011997          2.0232e-05          6.3763e-08             0.99299         8.0533e-06       3.397e-07          7     
    even_MAG-GUT18125.fa             0.12369                 4.9307e-08              0.83932       0.0014575            0.020258          3.5702e-05            0.015237         1.2325e-07      5.7948e-06          3     
    even_MAG-GUT18181.fa            0.015349                 4.4106e-06           5.2974e-05      6.5124e-05          4.0102e-07          2.1014e-09             0.98452         3.0707e-06      1.2276e-07          7     
    even_MAG-GUT18366.fa          0.00073728                   0.008622           0.00011325      1.1674e-08          1.1134e-05          1.7206e-10             0.99051         8.4019e-07      3.1071e-06          7     
    even_MAG-GUT18425.fa             0.99838                 2.3421e-06           3.5098e-06      2.0818e-05          1.4573e-08          2.2217e-14           0.0015627         3.1259e-05      1.3441e-08          1     
    even_MAG-GUT18447.fa             0.89052                  0.0043321             0.028884      8.1433e-08           0.0096648          8.6481e-06            0.065881         0.00070504      1.5712e-06          1     
    even_MAG-GUT18526.fa             0.89618                 0.00020389           3.2819e-05      6.5864e-07              0.1027          5.4318e-06          0.00086829         8.1474e-06      1.2922e-06          1     
    even_MAG-GUT18564.fa            0.004996                  6.448e-06            0.0002002      0.00036143           4.967e-05          1.3066e-07             0.99438         6.4347e-06      1.1276e-06          7     
    even_MAG-GUT18577.fa             0.65319                 4.2738e-07              0.26214        0.015887            0.050095           0.0018357             0.01663         4.2688e-06      0.00021131          1     
    even_MAG-GUT18812.fa           0.0081984                   0.015783             0.037592      2.9983e-06             0.20583          2.4322e-05             0.73257         1.1073e-06      4.6131e-07          7     
    even_MAG-GUT18824.fa           0.0026814                   0.002053            0.0018167      3.3149e-07            0.011785          4.2956e-09              0.9816         4.2091e-06      5.4918e-05          7     
    even_MAG-GUT18932.fa              0.9969                 1.5252e-06           1.7677e-05      7.6554e-05          3.4782e-07          3.8533e-14           0.0029394         6.3551e-05      5.6246e-08          1     
    even_MAG-GUT19064.fa             0.99118                 6.3829e-05           8.5498e-05      4.3293e-06          8.4472e-07          8.1536e-13           0.0079682         0.00069841      3.6764e-08          1     
    even_MAG-GUT19165.fa            0.018565                  1.117e-05           1.3685e-05      0.00010593           5.262e-06          1.4041e-08             0.98129         6.1264e-06       2.378e-07          7     
    even_MAG-GUT19182.fa             0.44498                   0.017036              0.09175      3.3401e-06             0.27154          3.6322e-05             0.17329          0.0013504      1.5778e-05          1     
    even_MAG-GUT19188.fa           0.0089217                  0.0001759           0.00019894        0.000421          5.2217e-06          5.7318e-07             0.99026         1.1573e-05       7.153e-07          7     
    even_MAG-GUT19215.fa            0.011192                 4.5562e-08              0.86693        0.021452          4.6768e-06          4.6053e-09            0.098738          0.0016812      7.9063e-07          3     
    even_MAG-GUT19219.fa             0.58305                  0.0021017              0.04933      1.2699e-07            0.021283          1.7797e-06             0.34287           0.001336      3.3748e-05          1     
    even_MAG-GUT19220.fa             0.30459                 6.6355e-07               0.4589         0.04178             0.08336          0.00010775             0.11118         1.0279e-05      8.0632e-05          3     
    even_MAG-GUT19546.fa           0.0079702                 3.0994e-06           1.3875e-05      2.9982e-05          8.4596e-06          3.3019e-08             0.99197         6.5966e-06      3.6132e-07          7     
    even_MAG-GUT19573.fa            0.008227                 4.0995e-05           3.4465e-05       0.0010143          3.4856e-06          2.1997e-07             0.99062         5.7371e-05      3.2468e-07          7     
    even_MAG-GUT19592.fa             0.62256                   0.026082              0.27737      9.7499e-05           0.0059152           1.497e-05            0.060745          1.557e-05        0.007202          1     
    even_MAG-GUT19615.fa            0.013917                 8.1387e-06           2.1005e-05      7.2222e-05          3.5638e-06          1.3658e-08             0.98598         3.0599e-06      3.0854e-07          7     
    even_MAG-GUT19642.fa            0.010714                 4.1709e-05            7.808e-06        0.023943          0.00019123          3.9422e-07             0.96507         3.5497e-05      6.1885e-07          7     
    even_MAG-GUT19644.fa           0.0022599                  0.0015957           0.00078177      2.9763e-09          8.3446e-08          6.9762e-10             0.99536         1.5146e-06      3.1262e-07          7     
    even_MAG-GUT19648.fa           0.0029418                 0.00032242            0.0043342      1.5639e-06            0.086533          1.4096e-07             0.90579         1.0154e-05      7.1471e-05          7     
    even_MAG-GUT19650.fa             0.83423                  0.0017606             0.024731      3.4551e-08           0.0017016          5.9895e-07             0.13718         0.00039528      3.6618e-06          1     
    even_MAG-GUT19680.fa           0.0096754                   0.002829              0.18152      4.6986e-06            0.037549          9.0818e-06             0.76841         4.1106e-07      7.0678e-07          7     
    even_MAG-GUT19738.fa             0.55445                 6.6313e-06              0.35066      0.00046539            0.068823            0.011307            0.013999         1.1551e-06      0.00028563          1     
    even_MAG-GUT19764.fa           0.0042931                  0.0014308            0.0015548      1.2824e-06            0.068195           3.058e-08             0.92446          8.085e-06      5.3596e-05          7     
    even_MAG-GUT19947.fa              0.9205                 0.00023528           2.2511e-05      5.9608e-07            0.077923          1.9598e-05           0.0012867          1.052e-05      1.2632e-06          1     
