MATLAB is selecting SOFTWARE OPENGL rendering.
[?1h=
                            < M A T L A B (R) >
                  Copyright 1984-2019 The MathWorks, Inc.
              R2019b Update 5 (9.7.0.1319299) 64-bit (glnxa64)
                             February 19, 2020

 
To get started, type doc.
For product information, visit www.mathworks.com.
 
[H[J
basePath = 

    ""


dataSetPath = 

    "/mnt/sda/DeepMicrobes-data/labeled_genome-r202/o__Oscillospirales_split_pruned"


testSetPath = 

    "/mnt/sda/DeepMicrobes-data/labeled_genome-r202/hgr_mags/o__Oscillospirales"

Reading sequences .... 
Starting parallel pool (parpool) using the 'local' profile ...
Starting parallel pool (parpool) using the 'local' profile ...
Starting parallel pool (parpool) using the 'local' profile ...
Starting parallel pool (parpool) using the 'local' profile ...
Starting parallel pool (parpool) using the 'local' profile ...
Starting parallel pool (parpool) using the 'local' profile ...
Starting parallel pool (parpool) using the 'local' profile ...
Starting parallel pool (parpool) using the 'local' profile ...
Starting parallel pool (parpool) using the 'local' profile ...
Generating CGRs.... 
totalSeq is: 3346
Starting parallel pool (parpool) using the 'local' profile ...
Starting parallel pool (parpool) using the 'local' profile ...
Computing disMat .... 
Starting parallel pool (parpool) using the 'local' profile ...
Performing classification .... 

minSeqLen =

     0


maxSeqLen =

     0

dataSet is:/mnt/sda/DeepMicrobes-data/labeled_genome-r202/hgr_mags/o__Oscillospirales
Starting parallel pool (parpool) using the 'local' profile ...
Starting parallel pool (parpool) using the 'local' profile ...
Starting parallel pool (parpool) using the 'local' profile ...
numTestSeq is: 1035

clusterNames =

  1x9 cell array

  Columns 1 through 3

    {'1-f__Acutaliba...'}    {'f__Butyricicoc...'}    {'f__CAG-272'}

  Columns 4 through 6

    {'f__CAG-382'}    {'f__Oscillospir...'}    {'f__QAMX01'}

  Columns 7 through 9

    {'f__Ruminococca...'}    {'f__UBA644'}    {'f__UMGS1783'}


clusterNames =

  1x9 cell array

  Columns 1 through 3

    {'1-f__Acutaliba...'}    {'2-f__Butyricic...'}    {'f__CAG-272'}

  Columns 4 through 6

    {'f__CAG-382'}    {'f__Oscillospir...'}    {'f__QAMX01'}

  Columns 7 through 9

    {'f__Ruminococca...'}    {'f__UBA644'}    {'f__UMGS1783'}


clusterNames =

  1x9 cell array

  Columns 1 through 3

    {'1-f__Acutaliba...'}    {'2-f__Butyricic...'}    {'3-f__CAG-272'}

  Columns 4 through 6

    {'f__CAG-382'}    {'f__Oscillospir...'}    {'f__QAMX01'}

  Columns 7 through 9

    {'f__Ruminococca...'}    {'f__UBA644'}    {'f__UMGS1783'}


clusterNames =

  1x9 cell array

  Columns 1 through 3

    {'1-f__Acutaliba...'}    {'2-f__Butyricic...'}    {'3-f__CAG-272'}

  Columns 4 through 6

    {'4-f__CAG-382'}    {'f__Oscillospir...'}    {'f__QAMX01'}

  Columns 7 through 9

    {'f__Ruminococca...'}    {'f__UBA644'}    {'f__UMGS1783'}


clusterNames =

  1x9 cell array

  Columns 1 through 3

    {'1-f__Acutaliba...'}    {'2-f__Butyricic...'}    {'3-f__CAG-272'}

  Columns 4 through 6

    {'4-f__CAG-382'}    {'5-f__Oscillosp...'}    {'f__QAMX01'}

  Columns 7 through 9

    {'f__Ruminococca...'}    {'f__UBA644'}    {'f__UMGS1783'}


clusterNames =

  1x9 cell array

  Columns 1 through 3

    {'1-f__Acutaliba...'}    {'2-f__Butyricic...'}    {'3-f__CAG-272'}

  Columns 4 through 6

    {'4-f__CAG-382'}    {'5-f__Oscillosp...'}    {'6-f__QAMX01'}

  Columns 7 through 9

    {'f__Ruminococca...'}    {'f__UBA644'}    {'f__UMGS1783'}


clusterNames =

  1x9 cell array

  Columns 1 through 3

    {'1-f__Acutaliba...'}    {'2-f__Butyricic...'}    {'3-f__CAG-272'}

  Columns 4 through 6

    {'4-f__CAG-382'}    {'5-f__Oscillosp...'}    {'6-f__QAMX01'}

  Columns 7 through 9

    {'7-f__Ruminococ...'}    {'f__UBA644'}    {'f__UMGS1783'}


clusterNames =

  1x9 cell array

  Columns 1 through 3

    {'1-f__Acutaliba...'}    {'2-f__Butyricic...'}    {'3-f__CAG-272'}

  Columns 4 through 6

    {'4-f__CAG-382'}    {'5-f__Oscillosp...'}    {'6-f__QAMX01'}

  Columns 7 through 9

    {'7-f__Ruminococ...'}    {'8-f__UBA644'}    {'f__UMGS1783'}


clusterNames =

  1x9 cell array

  Columns 1 through 3

    {'1-f__Acutaliba...'}    {'2-f__Butyricic...'}    {'3-f__CAG-272'}

  Columns 4 through 6

    {'4-f__CAG-382'}    {'5-f__Oscillosp...'}    {'6-f__QAMX01'}

  Columns 7 through 9

    {'7-f__Ruminococ...'}    {'8-f__UBA644'}    {'9-f__UMGS1783'}

  Columns 1 through 3

    '1-f__Acutalibact...'    '2-f__Butyricicoc...'    '3-f__CAG-272'

  Columns 4 through 6

    '4-f__CAG-382'    '5-f__Oscillospir...'    '6-f__QAMX01'

  Columns 7 through 9

    '7-f__Ruminococca...'    '8-f__UBA644'    '9-f__UMGS1783'


header =

  1x10 cell array

  Columns 1 through 3

    {'1-f__Acutaliba...'}    {'2-f__Butyricic...'}    {'3-f__CAG-272'}

  Columns 4 through 6

    {'4-f__CAG-382'}    {'5-f__Oscillosp...'}    {'6-f__QAMX01'}

  Columns 7 through 9

    {'7-f__Ruminococ...'}    {'8-f__UBA644'}    {'9-f__UMGS1783'}

  Column 10

    {'prediction'}


T3 =

  1035x10 table

                            1-f__Acutalibacteraceae    2-f__Butyricicoccaceae    3-f__CAG-272    4-f__CAG-382    5-f__Oscillospiraceae    6-f__QAMX01    7-f__Ruminococcaceae    8-f__UBA644    9-f__UMGS1783    prediction
                            _______________________    ______________________    ____________    ____________    _____________________    ___________    ____________________    ___________    _____________    __________

    even_MAG-GUT10094.fa             0.31605                 1.5852e-08              0.67884      4.1951e-05          0.00041136          2.2935e-06           0.0019799         2.2206e-14       0.0026828          3     
    even_MAG-GUT10102.fa             0.16948                 7.5275e-08              0.81902      3.8623e-05             0.00558          1.6191e-05           0.0041166         4.9684e-14       0.0017473          3     
    even_MAG-GUT10126.fa          3.6321e-05                 3.6156e-07           2.5374e-06      6.8511e-06            0.033984          2.6464e-07             0.96596         2.2199e-14      9.9531e-06          7     
    even_MAG-GUT10181.fa             0.97848                 1.1059e-05           1.5685e-05      3.0399e-06           0.0015847          3.5081e-06            0.019905           2.22e-14      2.2576e-09          1     
    even_MAG-GUT10183.fa          4.3831e-05                 5.4587e-05            0.0025929       0.0011675             0.15552          0.00045665             0.83967         2.2188e-14      0.00048571          7     
    even_MAG-GUT10262.fa              0.9426                 0.00025238           0.00060701      4.5997e-07            0.047488          2.9153e-06           0.0090205         2.2202e-14      2.9787e-05          1     
    even_MAG-GUT10376.fa            0.011862                 7.6474e-06            0.0003748      6.2273e-05          9.3154e-05          6.2318e-07             0.98758           2.22e-14      1.5277e-05          7     
    even_MAG-GUT10454.fa             0.99446                 1.0929e-08           5.0738e-06      0.00012444          4.4988e-05          2.1814e-08           0.0053689         2.2201e-14      2.2594e-10          1     
    even_MAG-GUT10512.fa            0.098929                 1.0888e-07              0.89491      0.00019074           0.0010854          3.4438e-06           0.0037384         3.4045e-14       0.0011473          3     
    even_MAG-GUT10537.fa            0.049928                 3.3888e-07            3.427e-05      2.2812e-05          2.1898e-06          1.9029e-08             0.95001         2.2198e-14      6.9402e-07          7     
    even_MAG-GUT10584.fa             0.98805                 9.3267e-06           5.4893e-07      6.3059e-05          3.5769e-05          7.4549e-08            0.011844           2.22e-14      5.5539e-09          1     
    even_MAG-GUT10599.fa             0.99957                 1.0727e-09           1.6194e-05      0.00015008          1.4111e-05          1.5253e-09          0.00024548         2.2207e-14       1.408e-12          1     
    even_MAG-GUT10606.fa             0.98329                 9.6598e-09           3.0655e-05      0.00048521          6.4076e-05          7.2779e-08            0.016133         8.1815e-14      1.2176e-11          1     
    even_MAG-GUT10612.fa             0.32052                 1.3527e-06           3.6689e-06      2.2528e-05           1.369e-06          1.5326e-08             0.67946         2.2199e-14      2.3299e-07          7     
    even_MAG-GUT10617.fa            0.058113                 1.1164e-06           1.7086e-05      7.8076e-05          2.3008e-06          5.2033e-08             0.94179         2.2197e-14      6.9389e-07          7     
    even_MAG-GUT10629.fa             0.99469                 6.4183e-08           4.0536e-06      8.5853e-05          6.2724e-06          1.6395e-08           0.0052138           2.22e-14       6.203e-10          1     
    even_MAG-GUT10653.fa              0.9951                 1.2901e-07           4.0339e-06      0.00010969          6.2319e-06          1.7931e-08           0.0047773           2.22e-14      7.6092e-10          1     
    even_MAG-GUT10701.fa           0.0048553                 7.8546e-06           3.5984e-07      3.7054e-06             0.99503          1.3997e-09          0.00010177           2.22e-14      3.1468e-08          5     
    even_MAG-GUT10786.fa          0.00029359                 3.9052e-05           2.4507e-07      3.1656e-06           0.0031014          2.1243e-06             0.99655         2.2203e-14      1.5101e-05          7     
    even_MAG-GUT10835.fa             0.45093                  0.0010794              0.10648      3.1292e-08              0.1572          0.00067764             0.28334          2.157e-13      0.00029411          1     
    even_MAG-GUT10849.fa           0.0055868                 1.0896e-05           0.00056484       0.0002444          5.9862e-05          1.8074e-06             0.99351           2.22e-14      2.2439e-05          7     
    even_MAG-GUT10866.fa            0.017903                 3.2361e-06           0.00015541      6.5921e-05          5.6617e-06          6.5739e-08             0.98187           2.22e-14      8.4073e-07          7     
    even_MAG-GUT10881.fa             0.99872                 6.7965e-08           1.2877e-05       0.0002562          5.2803e-06          1.1968e-08           0.0010034         2.2203e-14      6.4285e-11          1     
    even_MAG-GUT10883.fa             0.43581                 2.9918e-09            0.0033423      8.1816e-05          4.4333e-07          1.3447e-08             0.56076         2.2206e-14      3.8204e-06          7     
    even_MAG-GUT10909.fa              0.2486                 1.2419e-08              0.75061      2.2645e-05          0.00055295          8.7847e-06          0.00010064         2.2197e-14      0.00010917          3     
    even_MAG-GUT11071.fa            0.072019                 7.2178e-06           1.0539e-05      0.00015526           8.675e-07          4.5131e-08             0.92781         2.2197e-14      8.0218e-07          7     
    even_MAG-GUT11152.fa             0.32162                   0.015159             0.047572      6.5015e-07             0.32344           0.0053928             0.28524         1.2152e-12       0.0015791          5     
    even_MAG-GUT11153.fa          0.00047496                 0.00020018            1.739e-05       5.773e-07             0.01877          9.6234e-06             0.98028         2.2202e-14      0.00024709          7     
    even_MAG-GUT11169.fa            0.029351                 3.6602e-07           7.6466e-06        0.001452          5.2804e-07          3.2472e-08             0.96919         2.2198e-14      7.9929e-08          7     
    even_MAG-GUT11185.fa            0.026742                 7.3751e-06           3.5124e-05      7.1633e-05          1.5575e-05          3.4676e-07             0.97312         2.2199e-14      8.4492e-06          7     
    even_MAG-GUT11304.fa             0.32955                  0.0011137              0.15256      2.8883e-08             0.17493          0.00013862              0.3413         2.3169e-13      0.00040377          7     
    even_MAG-GUT11376.fa          0.00023492                 0.00014185              0.01011      5.2212e-09           0.0030933           0.0021261             0.98377         2.2202e-14      0.00052353          7     
    even_MAG-GUT11399.fa            0.093989                 9.0635e-05           0.00013196      0.00037174          0.00011822          1.3785e-06             0.90529          2.232e-14      6.2015e-06          7     
    even_MAG-GUT11417.fa             0.47165                  0.0039436              0.19219      6.6306e-08             0.28823           0.0017467            0.042131         1.5661e-13      0.00011055          1     
    even_MAG-GUT11449.fa             0.52122                 2.6477e-08              0.47201      1.6723e-06           0.0061324          1.7678e-05          0.00015389         2.2207e-14      0.00046278          1     
    even_MAG-GUT11526.fa            0.037756                 3.1887e-05           1.1764e-05      1.7595e-06             0.96212          9.3154e-06          5.6131e-05         2.2197e-14      1.5737e-05          5     
    even_MAG-GUT11531.fa             0.03833                 1.4501e-06           3.1871e-05      1.0542e-05          1.9367e-06            8.72e-08             0.96162         2.2199e-14      2.6399e-06          7     
    even_MAG-GUT11540.fa          0.00011002                  0.0001649             0.019894      0.00042111             0.09233          0.00032021             0.88514         2.2219e-14       0.0016207          7     
    even_MAG-GUT11566.fa            0.010174                  1.149e-08              0.87443      0.00045162          0.00041333          6.5103e-06             0.11348         3.2208e-14       0.0010497          3     
    even_MAG-GUT11693.fa          3.2723e-05                 5.4109e-05            0.0027462       0.0078752             0.25513          0.00028799              0.7337         2.2218e-14      0.00017776          7     
    even_MAG-GUT11741.fa            0.020047                  4.889e-05           6.6085e-05      3.9991e-05             0.97688           7.422e-05           0.0015633           2.22e-14       0.0012836          5     
    even_MAG-GUT11752.fa             0.05803                 1.4225e-07              0.91222      6.0816e-05           0.0044632          3.4966e-05            0.022311          1.021e-13       0.0028784          3     
    even_MAG-GUT11837.fa           0.0027451                  4.076e-05           8.5027e-05      1.3573e-07           0.0001892          1.2262e-05              0.9948         2.2201e-14       0.0021234          7     
    even_MAG-GUT11964.fa             0.33503                 0.00010267              0.51102      0.00081049             0.11661           0.0019735            0.018485         4.3641e-13        0.015966          3     
    even_MAG-GUT12106.fa            0.004955                 0.00030893           4.7872e-08      1.8994e-05             0.99423            9.34e-05          0.00038512         2.3494e-14      8.3809e-06          5     
    even_MAG-GUT12186.fa             0.45932                 1.1829e-07              0.31015      0.00081038             0.21197           0.0010385            0.011231         2.8244e-13       0.0054779          1     
    even_MAG-GUT12259.fa            0.079393                  3.104e-06           8.9704e-06      0.00012455          9.2584e-06          6.7905e-08             0.92046         2.2197e-14      5.1331e-07          7     
    even_MAG-GUT12264.fa              0.9988                 8.7444e-11           0.00098209      3.3213e-05          2.1347e-05          1.5668e-09          0.00016713         2.2203e-14      7.6783e-08          1     
    even_MAG-GUT12269.fa          7.9495e-05                 0.00011112           0.00046557       0.0011082             0.36311          8.1797e-05             0.63429         2.2208e-14      0.00075554          7     
    even_MAG-GUT12321.fa          0.00012638                 3.3615e-07           2.1579e-05      1.7377e-05           0.0098228          1.4325e-07             0.98998           2.22e-14      2.8125e-05          7     
    even_MAG-GUT12340.fa              0.1047                 1.0588e-06           8.3324e-06      0.00017842          1.5977e-06          4.2186e-08             0.89511         2.2197e-14      4.7459e-07          7     
    even_MAG-GUT12391.fa            0.024144                 8.4092e-06           6.2544e-05      7.3153e-05          5.8895e-05          5.4776e-07             0.97565           2.22e-14      1.9793e-06          7     
    even_MAG-GUT12393.fa            0.027994                 4.2868e-06           7.6139e-06       4.682e-07             0.97197          1.2962e-06          1.4301e-05         2.2199e-14      3.0507e-06          5     
    even_MAG-GUT12533.fa           0.0019046                 1.2377e-05           0.00020659      3.1977e-07             0.99753          5.9973e-06          0.00032871           2.22e-14      1.6014e-05          5     
    even_MAG-GUT12567.fa             0.99463                 3.0705e-09           1.6972e-06      0.00065769          9.8101e-06          8.0936e-09           0.0047019           2.22e-14      1.0097e-13          1     
    even_MAG-GUT12636.fa            0.046182                 3.3912e-05           1.1482e-05      1.0627e-07             0.95207          2.1543e-05            0.001675         2.2196e-14      8.0409e-06          5     
    even_MAG-GUT12643.fa             0.37444                   0.021428             0.086304      1.1946e-07             0.20877            0.002654             0.30584         3.7733e-13       0.0005622          1     
    even_MAG-GUT12644.fa             0.88716                 1.9538e-06            0.0023222        0.037011          0.00019401          1.9407e-08            0.073314         7.8618e-14      5.6887e-08          1     
    even_MAG-GUT12655.fa            0.098326                 2.7208e-09               0.8989       5.671e-05          0.00018893          8.2527e-07           0.0019066         2.2199e-14      0.00061845          3     
    even_MAG-GUT12678.fa          0.00012174                 1.9179e-05            0.0014603       0.0048064             0.37949          0.00026809             0.61365         2.2222e-14      0.00017844          7     
    even_MAG-GUT12691.fa           0.0055637                 2.0864e-06           8.1299e-05       7.369e-08             0.99433          2.1062e-06          1.9994e-05           2.22e-14      2.7742e-06          5     
    even_MAG-GUT12744.fa          9.1166e-06                  0.0026104           3.2374e-05      2.6854e-09          1.8027e-06          1.6144e-05             0.99731           2.22e-14      2.2061e-05          7     
    even_MAG-GUT12759.fa             0.11749                   0.036208            0.0019505      6.2643e-06            0.016908          2.4799e-05             0.82731         4.7661e-14      0.00010048          7     
    even_MAG-GUT12771.fa            0.042523                 8.7154e-06           4.7682e-05      1.4388e-05          1.1233e-05          1.7284e-07             0.95739         2.2198e-14      1.0658e-06          7     
    even_MAG-GUT12945.fa          0.00060299                 2.3709e-05           0.00010867      1.6571e-06            0.011034          1.3104e-06             0.98809           2.22e-14      0.00013609          7     
    even_MAG-GUT13038.fa            0.074017                   0.018544             0.010262      3.3363e-05            0.049394          8.6201e-06             0.84763         6.0864e-14      0.00011177          7     
    even_MAG-GUT13040.fa           0.0054549                 1.9195e-06           0.00013737      0.00039835          1.2992e-05          1.8282e-07             0.99399           2.22e-14      2.0899e-06          7     
    even_MAG-GUT13125.fa            0.026096                 6.1266e-06           4.2273e-05      3.0645e-05          2.1819e-06          1.1427e-07             0.97382         2.2199e-14      7.4348e-06          7     
    even_MAG-GUT13177.fa          8.8559e-05                 7.7441e-06           1.7378e-05      5.2774e-07            0.072715          1.5415e-06             0.92707         2.2197e-14      0.00010051          7     
    even_MAG-GUT13230.fa             0.96588                 3.5143e-06           1.7338e-05      7.1824e-07           0.0009293          1.7175e-06            0.033167         2.2199e-14      1.4809e-08          1     
    even_MAG-GUT13285.fa             0.13443                  2.397e-07           5.3298e-06      0.00099928          5.6383e-07          4.4868e-07             0.86453         2.2197e-14      2.9261e-05          7     
    even_MAG-GUT13293.fa              0.9994                 2.6903e-09           5.6277e-05      0.00036012          1.0766e-05          9.0196e-10          0.00017347         2.2206e-14      1.4915e-12          1     
    even_MAG-GUT13333.fa            0.042911                 3.3184e-07           1.3085e-05        4.08e-07             0.95703          2.4739e-06          4.1142e-05         2.2197e-14      4.8977e-06          5     
    even_MAG-GUT13424.fa            0.022877                 9.0233e-06           4.6392e-05       0.0063075          4.3686e-05          2.0986e-06             0.97039         4.4953e-14      0.00032251          7     
    even_MAG-GUT13441.fa            0.043129                 1.4334e-06           2.1584e-06      8.2666e-05          2.4888e-06           1.762e-07             0.95678         2.2198e-14      1.0819e-06          7     
    even_MAG-GUT13633.fa            0.084129                 2.9866e-06           2.9999e-05      6.3869e-05          2.4789e-07          5.8317e-08             0.91577         2.2197e-14      6.1787e-07          7     
    even_MAG-GUT13646.fa             0.22222                 1.7866e-05             0.005776      1.4831e-06             0.76858          1.2406e-05           0.0015116         2.2207e-14       0.0018828          5     
    even_MAG-GUT13734.fa          0.00018271                 1.0082e-05           9.6071e-07      6.2669e-07             0.16926          1.5023e-06             0.83053         2.2198e-14      1.7251e-05          7     
    even_MAG-GUT13790.fa          2.1592e-05                 4.7569e-05            0.0025543      0.00071168             0.11761          8.7228e-05             0.87856         2.2187e-14      0.00041386          7     
    even_MAG-GUT13851.fa             0.20208                 1.7729e-07              0.75553      0.00012694           0.0078116          0.00015599            0.032373         1.3977e-13       0.0019198          3     
    even_MAG-GUT14114.fa            0.013588                 4.6039e-06           0.00015778      0.00031629           2.988e-06          1.3211e-07             0.98593           2.22e-14      2.4382e-06          7     
    even_MAG-GUT14116.fa             0.22203                 1.7793e-05            0.0057725      1.4861e-06             0.76876          1.2409e-05            0.001519         2.2207e-14       0.0018854          5     
    even_MAG-GUT14383.fa          1.4964e-05                 6.9788e-07           1.3245e-05      1.7041e-06            0.019662          5.6122e-08             0.98029         2.2199e-14      1.3515e-05          7     
    even_MAG-GUT14477.fa           0.0048769                  0.0001521           6.2454e-05      9.3102e-08          0.00065846          5.3267e-05             0.99322           2.22e-14      0.00097894          7     
    even_MAG-GUT14523.fa            0.043129                 1.4334e-06           2.1584e-06      8.2666e-05          2.4888e-06           1.762e-07             0.95678         2.2198e-14      1.0819e-06          7     
    even_MAG-GUT14640.fa             0.17276                 5.0379e-10              0.82241      1.8839e-05           0.0027824          3.0109e-05           0.0018222         3.2765e-14      0.00017266          3     
    even_MAG-GUT14683.fa            0.049118                  6.209e-07           1.0607e-05      9.6687e-05          2.1176e-06          3.3219e-08             0.95077         2.2196e-14      6.8791e-08          7     
    even_MAG-GUT15028.fa              0.9851                 1.1552e-08           9.0233e-06      0.00018754          0.00010635          2.0622e-08            0.014596         2.4262e-14      2.2703e-11          1     
    even_MAG-GUT15034.fa            0.037307                 3.3974e-06           4.9028e-05      4.5687e-05          2.1088e-05          2.2343e-07             0.96257         2.2199e-14      5.7761e-06          7     
    even_MAG-GUT15068.fa              0.1234                 7.7178e-07              0.60884       0.0068541          1.3969e-08          5.2555e-09             0.26091         2.2253e-14      6.0976e-08          3     
    even_MAG-GUT151.fa              0.028398                  3.649e-06           0.00013637      1.0493e-06             0.97107          4.0462e-06          0.00035436         2.2198e-14      3.4502e-05          5     
    even_MAG-GUT15133.fa            0.036178                 5.1184e-06           1.8833e-06       0.0021149          5.0215e-06          1.3106e-06             0.96163           2.22e-14      6.6952e-05          7     
    even_MAG-GUT15156.fa            0.059069                 3.9065e-06            3.147e-05      8.0491e-05          1.2066e-05          2.4682e-07              0.9408         2.2197e-14      8.4927e-07          7     
    even_MAG-GUT15229.fa             0.94524                  8.379e-09           4.6761e-05       0.0052802          0.00041265          5.9862e-07            0.049024         1.7991e-13       4.211e-10          1     
    even_MAG-GUT15232.fa             0.41901                 9.7457e-07           3.1327e-05       0.0001146          5.5219e-07          1.2564e-08             0.58085         2.2203e-14      3.2171e-08          7     
    even_MAG-GUT15285.fa             0.99858                 5.3958e-09           9.8437e-05      0.00051577          5.3741e-07          3.7912e-09          0.00080703         2.2204e-14      3.2945e-12          1     
    even_MAG-GUT15486.fa              0.1124                 1.9015e-07              0.85686      1.7393e-05            0.016112          0.00010026            0.012075         1.3311e-13       0.0024327          3     
    even_MAG-GUT15498.fa            0.018717                 4.3445e-07           1.1959e-05        0.004782          9.0893e-05          1.0336e-06             0.97633         2.2202e-14      6.3588e-05          7     
    even_MAG-GUT15544.fa              0.0325                  1.865e-05           1.3667e-05      1.7049e-05          2.0075e-05          2.9506e-07             0.96742         2.2199e-14      8.7764e-06          7     
    even_MAG-GUT15605.fa             0.30865                 1.0645e-08               0.6639      6.8391e-06            0.023342           1.804e-05           0.0025578          4.631e-14       0.0015281          3     
    even_MAG-GUT15872.fa             0.97075                 2.8711e-09           2.1635e-05      0.00030906           4.645e-05          8.1916e-08            0.028869          5.685e-14      3.9593e-11          1     
    even_MAG-GUT15914.fa             0.56497                   0.017975             0.061226      3.2196e-07             0.10144            0.001568             0.25237         2.4927e-13      0.00044765          1     
    even_MAG-GUT15989.fa          0.00042751                 6.9035e-05            0.0017271        0.032361             0.13515          0.00087536             0.82927         2.2216e-14      0.00012456          7     
    even_MAG-GUT160.fa              0.044325                    0.94702            0.0038306      4.1584e-06           0.0035638          0.00083895          0.00027961         2.2198e-14      0.00013768          2     
    even_MAG-GUT16017.fa             0.45741                 2.2448e-07              0.39154      5.2708e-05             0.14228          0.00027901           0.0061582         1.9725e-13       0.0022823          1     
    even_MAG-GUT16113.fa             0.28663                  0.0094359              0.12274      9.6209e-08             0.28008            0.002036             0.29857         6.6545e-13      0.00050649          7     
    even_MAG-GUT16117.fa             0.43512                 5.1994e-09              0.46364      9.1901e-05            0.074384          0.00021523            0.020553         1.9045e-13       0.0059951          3     
    even_MAG-GUT16183.fa              0.3209                   0.017342              0.13105      1.4151e-07             0.34542            0.014797             0.17009         5.2455e-13      0.00040524          5     
    even_MAG-GUT16297.fa             0.97707                 3.2538e-06             0.002457       0.0016524          0.00016003           4.441e-07            0.018376         2.6084e-14        0.000279          1     
    even_MAG-GUT16398.fa            0.018561                 1.8772e-09              0.87064      0.00043231          0.00014789          3.3406e-06             0.10902         6.0143e-14       0.0011963          3     
    even_MAG-GUT16496.fa             0.15817                    0.10572              0.02329       1.501e-05            0.019398          2.1246e-05             0.69335          6.593e-14       3.651e-05          7     
    even_MAG-GUT16720.fa             0.14342                 9.0094e-10              0.42934         0.35134          2.2426e-05          9.2803e-08             0.07558         2.9734e-13      0.00029523          3     
    even_MAG-GUT16845.fa             0.52134                  0.0081956             0.032603      1.8691e-07             0.27957           0.0013743             0.15624          4.414e-13      0.00068682          1     
    even_MAG-GUT16851.fa           0.0025228                 2.9159e-07           1.0646e-05       1.684e-07             0.99739          5.3582e-06          6.3946e-05           2.22e-14      3.0801e-06          5     
    even_MAG-GUT16881.fa            0.023858                 5.6826e-06           0.00020986      0.00011348          2.8765e-05          3.1172e-07             0.97577           2.22e-14      1.2451e-05          7     
    even_MAG-GUT17212.fa            0.043791                 3.6319e-06           1.5215e-05      1.4507e-06             0.95569          1.5836e-07          0.00049368         2.2193e-14      9.9321e-07          5     
    even_MAG-GUT17399.fa          0.00012641                  0.0045948           4.8861e-05      3.9378e-08           0.0029865           6.064e-05             0.99209         2.2208e-14       9.129e-05          7     
    even_MAG-GUT17697.fa          0.00089737                 0.00018124           8.5983e-06      5.8955e-07            0.084218          1.9769e-05             0.91446         2.2201e-14      0.00021865          7     
    even_MAG-GUT17705.fa             0.02789                 3.8468e-06           0.00044903       8.619e-07             0.97087          1.7794e-06          0.00075938         2.2199e-14      2.2053e-05          5     
    even_MAG-GUT17733.fa             0.78305                  0.0095653            0.0085143      6.7244e-08              0.1779           0.0002653            0.020578         9.5556e-14      0.00012883          1     
    even_MAG-GUT17793.fa            0.056188                 2.0524e-08              0.93818      1.9665e-05          0.00040158          3.8972e-06           0.0041412         2.7307e-14       0.0010608          3     
    even_MAG-GUT1792.fa              0.99859                 1.6857e-09           0.00049215       4.591e-05          3.1222e-05           1.455e-09          0.00084441         2.2203e-14      6.9393e-08          1     
    even_MAG-GUT1796.fa             0.028809                 1.1077e-05             5.04e-05       0.0002708          9.8272e-06          1.1586e-07             0.97085           2.22e-14      1.6403e-06          7     
    even_MAG-GUT1806.fa             0.017451                 2.5427e-06           1.9268e-05       0.0005236          1.2374e-05          1.2654e-07             0.98199           2.22e-14      3.2911e-06          7     
    even_MAG-GUT18125.fa            0.035889                 2.7028e-08              0.94993      0.00024834          0.00093163          5.9365e-06             0.01159         4.2659e-14       0.0014094          3     
    even_MAG-GUT18181.fa            0.053537                 3.2673e-08           8.8652e-05      3.9348e-05          1.1398e-07          9.7542e-09             0.94633         2.2196e-14      2.5419e-07          7     
    even_MAG-GUT18340.fa           0.0049411                 1.6035e-07              0.63727       0.0012139          2.0162e-08          1.8416e-09             0.35658         2.2217e-14      8.1776e-09          3     
    even_MAG-GUT18366.fa          0.00010997                  0.0062619           1.4123e-06      3.5098e-07          0.00010009          4.2339e-06             0.99352           2.22e-14      4.7963e-06          7     
    even_MAG-GUT18425.fa             0.92743                 1.8088e-09           7.1018e-07      8.9532e-05          5.7065e-07          2.1219e-08            0.072482         2.2198e-14      6.8767e-14          1     
    even_MAG-GUT18447.fa              0.8453                  0.0025403             0.048709      2.5774e-08            0.028915          0.00020217            0.074286         8.7372e-14      4.2402e-05          1     
    even_MAG-GUT18526.fa             0.85335                 0.00012701           2.5645e-05      1.1483e-07             0.14417          5.0678e-06           0.0023163         2.2192e-14      7.1754e-06          1     
    even_MAG-GUT18564.fa           0.0058614                 2.5298e-06           0.00038863      0.00021969           5.022e-05          5.6745e-07             0.99347           2.22e-14       7.353e-06          7     
    even_MAG-GUT18577.fa             0.55692                 2.0756e-08               0.4356      0.00015275           0.0011043          9.6924e-06           0.0039229         3.8873e-14       0.0022906          1     
    even_MAG-GUT18812.fa             0.06193                   0.062857            0.0062636      1.1386e-05            0.056559          4.7757e-05             0.81225         4.1828e-14      8.4199e-05          7     
    even_MAG-GUT18824.fa          0.00099415                 0.00044988           7.7168e-06      2.0509e-06            0.013232          4.3296e-06             0.98521         3.5325e-14      9.5676e-05          7     
    even_MAG-GUT18932.fa             0.94403                 9.4649e-10            1.663e-06      0.00020053          5.9068e-06          8.5716e-08            0.055766           2.22e-14      1.5171e-12          1     
    even_MAG-GUT19064.fa             0.98699                 7.1368e-07           5.2552e-06       9.476e-05          3.3361e-06          1.4404e-08             0.01291           2.22e-14      8.5929e-12          1     
    even_MAG-GUT19165.fa             0.17239                  1.892e-06           2.0253e-05      0.00011444          7.1747e-06          7.7997e-08             0.82746         2.2196e-14      6.9322e-07          7     
    even_MAG-GUT19182.fa             0.48271                   0.015938             0.098541      1.5543e-07             0.21492           0.0044287             0.18323         2.0099e-13      0.00022772          1     
    even_MAG-GUT19188.fa            0.071928                 3.8424e-05            0.0011231      0.00017418          1.3893e-05          2.0913e-07              0.9267         2.2201e-14      1.8032e-05          7     
    even_MAG-GUT19215.fa           0.0052794                 8.0691e-11              0.67157         0.25089          6.9105e-06          4.5611e-09            0.072241         5.0682e-14       1.246e-05          3     
    even_MAG-GUT19219.fa             0.48876                  0.0018933              0.12701      4.0169e-08            0.025476          0.00012298             0.35633         2.9356e-13      0.00041011          1     
    even_MAG-GUT19220.fa             0.10886                 8.2349e-08              0.88553      0.00025537           0.0006145          1.6779e-06           0.0031232         2.8523e-14       0.0016156          3     
    even_MAG-GUT19459.fa             0.99494                 8.0497e-06           7.4799e-05      1.3997e-05           0.0015364          3.8718e-06           0.0034227           2.22e-14      4.3997e-09          1     
    even_MAG-GUT19546.fa            0.043154                 2.1961e-07           3.6631e-05      2.3159e-05          4.1333e-06           4.163e-08             0.95678         2.2199e-14      1.1047e-06          7     
    even_MAG-GUT19573.fa            0.033025                  1.413e-05           0.00024102      0.00027621          9.2818e-06          1.4895e-07             0.96643         2.2199e-14       4.901e-06          7     
    even_MAG-GUT19615.fa            0.068543                 5.5024e-07           7.7528e-06      4.5545e-05          1.2378e-06          3.5463e-08              0.9314         2.2197e-14      5.6667e-07          7     
    even_MAG-GUT19642.fa            0.047011                 7.2434e-06            3.171e-06        0.010218          1.9306e-05          4.3185e-06             0.94257         4.0776e-14      0.00016667          7     
    even_MAG-GUT19644.fa          3.4867e-05                  0.0010648           7.4804e-05      9.2044e-10          1.6422e-06          2.9246e-05             0.99877         2.2202e-14      2.1062e-05          7     
    even_MAG-GUT19648.fa           0.0011929                 5.7452e-05           0.00058086       3.802e-07             0.10984          2.4214e-05             0.88517         2.2201e-14       0.0031328          7     
    even_MAG-GUT19650.fa             0.66176                  0.0034863             0.086077      2.8335e-08           0.0096019          0.00022334             0.23867         1.6494e-13      0.00018057          1     
    even_MAG-GUT19680.fa            0.078714                   0.042313             0.047201      3.2408e-05            0.089975          6.6819e-05             0.74148         6.3017e-14      0.00022168          7     
    even_MAG-GUT19738.fa             0.27263                 5.2623e-06              0.68994      3.4627e-05            0.030799          5.8655e-05           0.0014798          6.581e-14       0.0050562          3     
    even_MAG-GUT19764.fa          0.00094866                 0.00010853           1.5359e-05      7.8481e-07             0.10111          9.5438e-06              0.8976           2.22e-14      0.00021573          7     
    even_MAG-GUT19947.fa             0.87602                 6.9555e-05           7.3574e-05      1.9334e-07             0.12246           1.184e-06           0.0013568         2.2185e-14      1.6268e-05          1     
    even_MAG-GUT19996.fa          0.00033802                 9.2736e-05           2.1032e-06      5.8384e-07            0.003706          3.3608e-06              0.9958         2.2242e-14      5.4267e-05          7     
