MATLAB is selecting SOFTWARE OPENGL rendering.
[?1h=
                                                                                          < M A T L A B (R) >
                                                                                Copyright 1984-2019 The MathWorks, Inc.
                                                                            R2019b Update 5 (9.7.0.1319299) 64-bit (glnxa64)
                                                                                           February 19, 2020

 
To get started, type doc.
For product information, visit www.mathworks.com.
 
[H[2J
basePath = 

    ""


dataSetPath = 

    "/mnt/sda/DeepMicrobes-data/labeled_genome-r202/o__Oscillospirales_split_pruned"


testSetPath = 

    "/mnt/sda/DeepMicrobes-data/labeled_genome-r202/hgr_mags/o__Oscillospirales"

Reading sequences .... 
Starting parallel pool (parpool) using the 'local' profile ...
Starting parallel pool (parpool) using the 'local' profile ...
Starting parallel pool (parpool) using the 'local' profile ...
Starting parallel pool (parpool) using the 'local' profile ...
Starting parallel pool (parpool) using the 'local' profile ...
Starting parallel pool (parpool) using the 'local' profile ...
Starting parallel pool (parpool) using the 'local' profile ...
Starting parallel pool (parpool) using the 'local' profile ...
Starting parallel pool (parpool) using the 'local' profile ...
Generating CGRs.... 
totalSeq is: 3346
Starting parallel pool (parpool) using the 'local' profile ...
Starting parallel pool (parpool) using the 'local' profile ...
Computing disMat .... 
Starting parallel pool (parpool) using the 'local' profile ...
Performing classification .... 

minSeqLen =

     0


maxSeqLen =

     0

dataSet is:/mnt/sda/DeepMicrobes-data/labeled_genome-r202/hgr_mags/o__Oscillospirales
Starting parallel pool (parpool) using the 'local' profile ...
Starting parallel pool (parpool) using the 'local' profile ...
Starting parallel pool (parpool) using the 'local' profile ...
numTestSeq is: 997
3
3
7
7
1
7
1
3
7
1
1
1
7
7
1
1
1
5
7
1
7
7
1
7
3
7
7
1
7
7
7
7
1
7
7
1
3
5
7
7
3
7
5
3
7
3
5
3
7
1
7
7
7
7
5
5
1
5
1
1
3
5
5
7
7
7
7
7
7
7
1
5
7
7
7
5
7
7
3
7
5
7
7
7
3
7
1
7
5
7
7
1
7
1
3
7
7
3
1
7
2
3
1
3
1
1
3
7
1
5
7
1
5
7
7
5
1
3
1
7
7
3
7
7
1
1
7
3
7
1
1
7
1
7
3
1
3
7
7
7
7
7
7
1
3
7
1
7
7
3
1
7
1
1
7
7
1
7
1
1
7
1
7
1
1
1
3
1
7
1
7
3
7
5
7
7
5
1
7
1
7
1
7
1
7
7
7
3
7
5
7
7
7
7
1
7
3
3
7
5
7
7
7
7
1
1
7
1
3
1
3
1
1
2
7
1
1
1
1
1
1
1
3
7
7
7
5
7
3
5
3
3
7
7
7
3
3
1
7
5
7
7
7
7
3
3
3
7
7
7
7
7
7
7
7
7
7
3
1
7
7
3
7
1
5
1
7
1
7
1
7
7
7
3
1
1
1
1
7
1
7
3
1
7
7
5
7
7
7
7
7
7
7
7
7
1
7
5
7
7
5
1
3
7
7
3
5
7
1
7
7
2
5
7
3
7
1
7
1
3
7
7
7
3
7
3
7
7
7
3
3
1
7
3
1
7
7
7
7
7
5
7
7
5
7
5
7
7
7
7
5
7
1
1
7
7
7
1
1
1
7
7
1
5
5
5
3
3
5
7
5
7
7
1
3
1
7
7
7
7
1
5
3
7
7
1
5
5
7
7
7
7
1
7
1
3
7
1
1
5
7
1
1
3
5
7
1
7
3
7
7
7
5
3
3
1
3
3
7
3
5
7
3
1
7
3
7
5
1
3
7
3
3
1
3
1
7
3
1
7
7
7
1
1
7
1
1
7
3
7
1
7
1
7
7
7
3
1
3
3
3
7
5
7
7
7
1
7
7
7
1
3
3
1
7
7
3
3
1
5
7
1
7
7
7
7
7
7
7
7
7
5
7
7
7
7
3
3
1
3
7
3
7
3
7
1
1
1
1
1
7
7
7
7
7
7
7
7
7
7
7
7
7
7
3
3
7
7
7
1
7
1
7
7
1
7
7
1
1
1
3
1
1
1
7
7
3
1
7
1
7
7
7
7
3
1
5
1
1
1
7
1
1
1
7
7
7
7
7
7
1
3
7
7
7
7
7
7
7
7
7
3
1
5
1
7
7
7
7
7
3
5
1
1
1
3
7
7
7
3
5
1
3
3
7
5
1
7
7
7
3
1
1
7
3
7
5
5
7
7
5
7
5
1
7
7
5
1
7
1
3
1
7
1
7
3
1
5
7
1
1
1
7
7
5
3
1
5
7
7
1
7
7
1
7
1
1
1
3
7
7
3
7
7
7
1
7
1
1
7
1
7
7
3
1
7
1
1
3
7
7
1
7
1
7
7
7
7
3
1
7
7
7
7
1
7
3
7
7
7
3
7
3
7
7
1
1
1
7
7
7
7
7
7
3
1
1
7
7
7
1
7
7
7
3
1
7
7
7
1
7
1
7
7
5
7
1
1
7
1
7
7
7
1
7
7
3
1
7
7
7
7
3
3
3
7
7
7
7
7
7
7
7
7
7
7
1
1
7
3
1
7
7
1
7
1
7
1
1
7
7
7
7
7
1
7
7
3
7
7
1
7
7
7
7
7
1
1
1
1
7
7
1
7
3
7
1
3
3
3
3
7
3
3
1
7
1
1
1
7
1
3
7
3
3
1
1
1
3
1
5
3
3
3
3
3
3
3
1
7
1
3
1
1
7
1
1
1
1
5
7
1
1
7
1
7
3
1
7
1
1
2
1
1
7
3
1
1
3
7
1
5
7
7
7
1
7
7
1
3
7
7
7
7
7
1
7
7
1
7
3
3
7
7
1
1
7
1
7
7
1
7
3
7
1
7
1
1
7
3
7
1
7
1
7
7
7
7
7
7
1
1
3
7
7
1
1
7
7
7
7
7
7
7
1
7
7
7
7
7
1
7
7
5
7
5
7
1
7
7
7
7
7
7
7
5
5
3
7
7
7
1
7
1
1
7
1
1
7
7
7
1
1
7
1
7
7
1
1
5
7
7
1
7
7
5
1
1
1
1
7
1
7
7
5
7
5

clusterNames =

  1x9 cell array

    {'1-f__Acutaliba...'}    {'f__Butyricicoc...'}    {'f__CAG-272'}    {'f__CAG-382'}    {'f__Oscillospir...'}    {'f__QAMX01'}    {'f__Ruminococca...'}    {'f__UBA644'}    {'f__UMGS1783'}


clusterNames =

  1x9 cell array

    {'1-f__Acutaliba...'}    {'2-f__Butyricic...'}    {'f__CAG-272'}    {'f__CAG-382'}    {'f__Oscillospir...'}    {'f__QAMX01'}    {'f__Ruminococca...'}    {'f__UBA644'}    {'f__UMGS1783'}


clusterNames =

  1x9 cell array

    {'1-f__Acutaliba...'}    {'2-f__Butyricic...'}    {'3-f__CAG-272'}    {'f__CAG-382'}    {'f__Oscillospir...'}    {'f__QAMX01'}    {'f__Ruminococca...'}    {'f__UBA644'}    {'f__UMGS1783'}


clusterNames =

  1x9 cell array

    {'1-f__Acutaliba...'}    {'2-f__Butyricic...'}    {'3-f__CAG-272'}    {'4-f__CAG-382'}    {'f__Oscillospir...'}    {'f__QAMX01'}    {'f__Ruminococca...'}    {'f__UBA644'}    {'f__UMGS1783'}


clusterNames =

  1x9 cell array

    {'1-f__Acutaliba...'}    {'2-f__Butyricic...'}    {'3-f__CAG-272'}    {'4-f__CAG-382'}    {'5-f__Oscillosp...'}    {'f__QAMX01'}    {'f__Ruminococca...'}    {'f__UBA644'}    {'f__UMGS1783'}


clusterNames =

  1x9 cell array

    {'1-f__Acutaliba...'}    {'2-f__Butyricic...'}    {'3-f__CAG-272'}    {'4-f__CAG-382'}    {'5-f__Oscillosp...'}    {'6-f__QAMX01'}    {'f__Ruminococca...'}    {'f__UBA644'}    {'f__UMGS1783'}


clusterNames =

  1x9 cell array

    {'1-f__Acutaliba...'}    {'2-f__Butyricic...'}    {'3-f__CAG-272'}    {'4-f__CAG-382'}    {'5-f__Oscillosp...'}    {'6-f__QAMX01'}    {'7-f__Ruminococ...'}    {'f__UBA644'}    {'f__UMGS1783'}


clusterNames =

  1x9 cell array

    {'1-f__Acutaliba...'}    {'2-f__Butyricic...'}    {'3-f__CAG-272'}    {'4-f__CAG-382'}    {'5-f__Oscillosp...'}    {'6-f__QAMX01'}    {'7-f__Ruminococ...'}    {'8-f__UBA644'}    {'f__UMGS1783'}


clusterNames =

  1x9 cell array

    {'1-f__Acutaliba...'}    {'2-f__Butyricic...'}    {'3-f__CAG-272'}    {'4-f__CAG-382'}    {'5-f__Oscillosp...'}    {'6-f__QAMX01'}    {'7-f__Ruminococ...'}    {'8-f__UBA644'}    {'9-f__UMGS1783'}

    '1-f__Acutalibact...'    '2-f__Butyricicoc...'    '3-f__CAG-272'    '4-f__CAG-382'    '5-f__Oscillospir...'    '6-f__QAMX01'    '7-f__Ruminococca...'    '8-f__UBA644'    '9-f__UMGS1783'


header =

  1x10 cell array

  Columns 1 through 9

    {'1-f__Acutaliba...'}    {'2-f__Butyricic...'}    {'3-f__CAG-272'}    {'4-f__CAG-382'}    {'5-f__Oscillosp...'}    {'6-f__QAMX01'}    {'7-f__Ruminococ...'}    {'8-f__UBA644'}    {'9-f__UMGS1783'}

  Column 10

    {'prediction'}


T3 =

  997x10 table

                            1-f__Acutalibacteraceae    2-f__Butyricicoccaceae    3-f__CAG-272    4-f__CAG-382    5-f__Oscillospiraceae    6-f__QAMX01    7-f__Ruminococcaceae    8-f__UBA644    9-f__UMGS1783    prediction
                            _______________________    ______________________    ____________    ____________    _____________________    ___________    ____________________    ___________    _____________    __________

    even_MAG-GUT10094.fa             0.23964                 4.8305e-10              0.75374      0.00027872           0.0029378           1.067e-06           0.0033956         2.2204e-14      1.1618e-07          3     
    even_MAG-GUT10102.fa            0.029512                 5.9952e-09              0.96614      8.9577e-05           0.0022044          5.5315e-08           0.0020556         2.2201e-14      2.6083e-06          3     
    even_MAG-GUT10126.fa          3.1438e-05                 0.00013522           8.9404e-06      6.4406e-08            0.039341          4.5878e-14             0.96048           2.22e-14      2.6908e-13          7     
    even_MAG-GUT10183.fa           2.508e-05                 1.5049e-05            0.0035839      0.00064364             0.23948           3.133e-10             0.75625         2.2197e-14      7.6387e-07          7     
    even_MAG-GUT10262.fa             0.92187                 1.4761e-05           0.00012743      1.6927e-09            0.013165          1.3012e-07            0.064826         2.2204e-14       3.638e-09          1     
    even_MAG-GUT10376.fa           0.0083647                   8.56e-06           2.2272e-06       0.0042874           4.325e-05          2.8932e-09             0.98729         2.2203e-14      3.1953e-08          7     
    even_MAG-GUT10454.fa             0.99234                 3.2722e-13           3.7948e-07       0.0029735           0.0040577          2.2202e-14          0.00062365         2.2202e-14      4.2782e-14          1     
    even_MAG-GUT10512.fa            0.041866                 1.2253e-09              0.94636       0.0052963           0.0029506          1.0209e-08           0.0035234         2.8935e-14      5.0311e-07          3     
    even_MAG-GUT10537.fa            0.049059                 4.9718e-08           3.0943e-06      0.00067694          5.2345e-06          3.4954e-11             0.95026         2.2193e-14      4.4898e-10          7     
    even_MAG-GUT10584.fa             0.98239                  4.003e-08           9.6689e-08       0.0002363          0.00081393           4.807e-12            0.016564         2.2199e-14      1.6645e-11          1     
    even_MAG-GUT10599.fa             0.99158                 2.2201e-14           4.4434e-05       0.0012962           0.0068073          2.2201e-14          0.00027629         2.2201e-14      2.2201e-14          1     
    even_MAG-GUT10606.fa             0.98645                 5.4825e-14           4.4709e-05       0.0057109           0.0054826          5.4825e-14           0.0023161         5.4825e-14      5.4825e-14          1     
    even_MAG-GUT10612.fa             0.26927                 3.2231e-07           7.0881e-07         0.00122          5.3771e-07          1.3183e-10             0.72951          2.219e-14      3.1683e-10          7     
    even_MAG-GUT10617.fa             0.03386                 1.1474e-06           2.9759e-06       0.0049123          1.3029e-06          1.3791e-10             0.96122         2.2199e-14      1.0928e-09          7     
    even_MAG-GUT10629.fa             0.99616                 2.5319e-11           9.6723e-07        0.001235          0.00053391          2.2201e-14           0.0020747         2.2201e-14      2.5554e-13          1     
    even_MAG-GUT10635.fa             0.97897                  0.0011355           0.00022198       5.757e-05           0.0093843          5.1735e-06            0.010222         2.2204e-14      3.5977e-08          1     
    even_MAG-GUT10653.fa             0.99624                 1.6942e-10           3.2867e-07       0.0023536          0.00072318          2.9117e-14          0.00068384         2.2201e-14      2.3351e-13          1     
    even_MAG-GUT10701.fa           0.0001551                 0.00022371           3.7714e-09      5.1307e-11             0.99935          3.4463e-14          0.00027202         2.2204e-14       6.083e-12          5     
    even_MAG-GUT10786.fa          6.7167e-05                 0.00058751           1.8581e-07      1.4202e-08           0.0063592          2.8466e-14             0.99299         2.8466e-14      2.8466e-14          7     
    even_MAG-GUT10835.fa             0.93181                 0.00033448             0.016558      9.9402e-13            0.036349          3.4435e-06            0.014945          3.461e-14      3.7919e-08          1     
    even_MAG-GUT10849.fa            0.004269                 9.7964e-06           2.8877e-06        0.029968          2.7152e-05          5.6628e-10             0.96572         2.2199e-14       5.817e-08          7     
    even_MAG-GUT10866.fa            0.026659                 6.5921e-07             3.42e-06       0.0011239          2.1253e-06          4.4124e-11             0.97221         2.2197e-14      1.0658e-09          7     
    even_MAG-GUT10881.fa             0.99731                 1.1004e-12           7.7467e-06        0.001884          0.00067957            2.22e-14          0.00011813           2.22e-14       4.669e-14          1     
    even_MAG-GUT10883.fa            0.086228                 4.1968e-11            0.0016683       0.0006004          5.4247e-06          1.1851e-12              0.9115           2.22e-14       6.772e-11          7     
    even_MAG-GUT10909.fa             0.10105                 7.7645e-10              0.89844      2.5657e-05          0.00035068          6.9674e-08          0.00013735         2.2187e-14        1.99e-08          3     
    even_MAG-GUT11063.fa              0.1597                 4.6022e-09             0.005612       0.0023988          6.2074e-05          2.4749e-11             0.83223         2.9559e-14      2.7756e-09          7     
    even_MAG-GUT11071.fa            0.034308                 3.1714e-06           1.4165e-06       0.0053525          4.8519e-07          8.2274e-11             0.96033         2.2199e-14      8.0714e-10          7     
    even_MAG-GUT11152.fa             0.83091                 9.3818e-05            0.0040759      2.5551e-12             0.13884          1.2524e-05            0.026074         3.7657e-14      1.5491e-07          1     
    even_MAG-GUT11153.fa          1.5376e-05                 0.00025769           6.1697e-06      9.3893e-10            0.064125          3.8363e-14              0.9356         2.2198e-14      3.8546e-13          7     
    even_MAG-GUT11169.fa           0.0060897                 1.2968e-08           1.0472e-06        0.015555          8.8998e-07          4.7248e-12             0.97835         2.2203e-14      1.3287e-11          7     
    even_MAG-GUT11171.fa          0.00058093                  0.0028993           0.00031214      0.00060857          0.00041603          8.9071e-08             0.99518           2.22e-14      2.4382e-08          7     
    even_MAG-GUT11185.fa            0.017267                 1.3019e-05           2.2342e-06       0.0090714          1.8562e-05          1.0061e-09             0.97363         2.2205e-14      3.0901e-08          7     
    even_MAG-GUT11304.fa             0.80719                 0.00098283             0.013694      2.1017e-12            0.061643          7.8672e-06             0.11648         1.4321e-13      5.1315e-08          1     
    even_MAG-GUT11376.fa          0.00051442                 2.5344e-05            0.0056988      4.2899e-11          0.00070942          5.1875e-08             0.99305           2.22e-14      1.0993e-08          7     
    even_MAG-GUT11399.fa            0.055341                 1.4336e-05           5.0286e-06        0.006706          4.2016e-05          1.5619e-09             0.93789         2.2201e-14      4.3803e-08          7     
    even_MAG-GUT11417.fa             0.92789                 0.00017549             0.011842      2.0112e-12            0.055413          5.7393e-06           0.0046692         2.2203e-14      3.0894e-07          1     
    even_MAG-GUT11449.fa             0.25278                 8.1705e-10              0.74437      8.9777e-06           0.0024569          3.2762e-07          0.00038383         2.2195e-14       1.797e-07          3     
    even_MAG-GUT11526.fa             0.01654                 7.1779e-05           1.9883e-06      1.4326e-07             0.98333          2.0059e-11          5.2653e-05         2.2199e-14      2.2104e-09          5     
    even_MAG-GUT11531.fa            0.024953                 1.6275e-06           2.4749e-06        0.001751          3.6235e-06          2.6126e-10             0.97329         2.2199e-14      1.9004e-08          7     
    even_MAG-GUT11540.fa          3.1863e-05                 1.3581e-05            0.0030943      8.3142e-05             0.12943          3.4892e-09             0.86735         2.2189e-14      4.2413e-07          7     
    even_MAG-GUT11566.fa           0.0014325                 6.3336e-10              0.96279      0.00035706          0.00098914          1.2591e-10            0.034434         2.2199e-14      6.3357e-07          3     
    even_MAG-GUT11693.fa          8.2495e-06                 1.5801e-05            0.0015036       0.0017034             0.38677          1.6506e-11                0.61          2.221e-14      6.4095e-07          7     
    even_MAG-GUT11741.fa            0.010901                 6.7051e-05           0.00014486      1.4162e-06             0.98268           1.806e-08           0.0062029           2.22e-14      7.9257e-08          5     
    even_MAG-GUT11752.fa            0.010515                 8.9708e-09              0.97984       0.0004603           0.0019515          2.3879e-08           0.0072348          4.344e-14      1.7805e-06          3     
    even_MAG-GUT11837.fa           0.0014142                 4.5735e-05           9.9818e-05       2.414e-10           0.0003373           5.621e-10              0.9981         2.2211e-14      1.1102e-12          7     
    even_MAG-GUT11964.fa            0.092847                 1.2787e-06              0.86269       0.0012254            0.039902          1.2619e-07           0.0031951         6.6701e-14      0.00014059          3     
    even_MAG-GUT12106.fa             0.01008                  0.0023019           6.2469e-08      6.9754e-07             0.98669          1.0567e-13          0.00092179         1.0567e-13      6.8185e-07          5     
    even_MAG-GUT12186.fa             0.15647                 1.4967e-09              0.73597      0.00011314             0.10399          5.5101e-06           0.0034471         5.1969e-14      1.5357e-06          3     
    even_MAG-GUT12259.fa            0.047306                 1.0338e-06           2.4543e-06        0.005046          9.5258e-06          1.2141e-10             0.94763         2.2199e-14      1.3985e-09          7     
    even_MAG-GUT12264.fa             0.99361                   2.22e-14           0.00045344      0.00019253           0.0056532            2.22e-14           9.441e-05           2.22e-14      2.9267e-11          1     
    even_MAG-GUT12269.fa           4.669e-05                  7.516e-06           0.00034532      0.00096742             0.48402          2.4587e-10             0.51455         2.2216e-14      6.4531e-05          7     
    even_MAG-GUT12321.fa          2.0093e-05                   0.000116            9.609e-06      2.8861e-08            0.019088          5.7807e-13             0.98077           2.22e-14      3.2223e-14          7     
    even_MAG-GUT12340.fa            0.065399                 6.0729e-07           3.5282e-06        0.011443          1.6634e-06          9.6545e-11             0.92315         2.2203e-14      2.7081e-10          7     
    even_MAG-GUT12391.fa            0.021932                  5.574e-06           4.1919e-07       0.0028592          0.00010416          1.8657e-09              0.9751           2.22e-14      1.6657e-08          7     
    even_MAG-GUT12393.fa           0.0066016                 8.5684e-05           4.9921e-05      4.3063e-07             0.99314           7.449e-12          0.00012196           2.22e-14      1.7021e-07          5     
    even_MAG-GUT12533.fa          0.00068047                  0.0013106            0.0001998      4.0911e-07             0.99746          2.1917e-10          0.00034545           2.22e-14      1.4278e-07          5     
    even_MAG-GUT12567.fa             0.99736                 1.2053e-13           8.8208e-06       0.0018871          0.00049749            2.22e-14          0.00024453           2.22e-14        2.22e-14          1     
    even_MAG-GUT12636.fa            0.014588                 0.00082026           2.3113e-06      7.7621e-11             0.96027           1.814e-09            0.024316         2.2202e-14      2.9218e-10          5     
    even_MAG-GUT12643.fa             0.84111                 0.00041517             0.012263      2.3692e-12            0.004539           1.258e-05             0.14166         2.2238e-14      3.1307e-07          1     
    even_MAG-GUT12644.fa             0.89225                 1.7744e-10            0.0018903         0.06094            0.013302          1.3729e-13            0.031619         1.3729e-13      4.2237e-10          1     
    even_MAG-GUT12655.fa            0.046628                 6.3695e-11              0.95068      0.00011509           0.0010522          1.3953e-09           0.0015221         2.2196e-14      2.3578e-07          3     
    even_MAG-GUT12678.fa          2.1233e-05                 2.0177e-05            0.0003618       0.0010768             0.50506          1.4055e-10             0.49346         2.2213e-14      7.1765e-08          5     
    even_MAG-GUT12691.fa           0.0044641                 0.00016659           9.7522e-05      7.9223e-09             0.99521          2.5797e-11          5.6693e-05           2.22e-14       2.817e-07          5     
    even_MAG-GUT12744.fa           1.601e-06                 0.00035709           2.3304e-06      1.9961e-12          5.0327e-06          3.5955e-13             0.99963         2.2204e-14      1.9578e-13          7     
    even_MAG-GUT12771.fa            0.036813                 7.6399e-06           4.6047e-06      0.00091526          7.2618e-06          1.0673e-09             0.96225         2.2198e-14      1.3501e-08          7     
    even_MAG-GUT12945.fa          2.2445e-05                 8.3826e-05           7.7291e-05      9.5545e-09            0.019534          9.2424e-14             0.98028           2.22e-14      5.1226e-12          7     
    even_MAG-GUT13040.fa           0.0022931                 5.7827e-08           3.8415e-06       0.0096098          4.2466e-06          4.3503e-11             0.98809         2.2201e-14      7.7276e-10          7     
    even_MAG-GUT13125.fa           0.0067512                 9.1282e-06           5.9256e-06       0.0018064          4.1223e-06          1.0039e-09             0.99142         2.2201e-14      1.9306e-08          7     
    even_MAG-GUT13177.fa          9.8369e-06                 1.8442e-05           1.3445e-05      8.6307e-10             0.10838          5.7243e-14             0.89158         2.2198e-14      9.5537e-13          7     
    even_MAG-GUT13285.fa             0.10135                 3.5765e-08           1.1044e-06       0.0018593          1.3404e-06           4.737e-11             0.89679         2.2193e-14      7.6275e-08          7     
    even_MAG-GUT13293.fa             0.99586                  1.317e-13           0.00016006       0.0019012           0.0019224          2.2204e-14          0.00016062         2.2204e-14      2.2204e-14          1     
    even_MAG-GUT13333.fa            0.012466                 7.3572e-06           4.1237e-05      4.3273e-08             0.98737          7.6469e-11          0.00011403         2.2199e-14      1.0114e-08          5     
    even_MAG-GUT13424.fa            0.017455                  1.935e-07           3.3128e-05        0.016454          0.00010191           4.077e-10             0.96596         2.2221e-14      1.6217e-07          7     
    even_MAG-GUT13441.fa            0.015477                  1.206e-06           3.0967e-07        0.012453          4.6749e-06          2.7942e-10             0.97206         2.2206e-14      3.3012e-09          7     
    even_MAG-GUT13633.fa            0.053266                 1.3617e-06           2.3026e-06       0.0085352          3.3592e-07          9.6817e-11             0.93819           2.22e-14      9.7923e-10          7     
    even_MAG-GUT13646.fa             0.15876                  0.0001212            0.0020249      2.5772e-06             0.83769          4.2756e-06           0.0013917         2.2197e-14      9.3389e-07          5     
    even_MAG-GUT13734.fa          5.0748e-06                 6.4711e-05            8.224e-07      1.3254e-09             0.12503          2.2197e-14              0.8749         2.2197e-14      6.4112e-14          7     
    even_MAG-GUT13790.fa           4.217e-06                 8.4961e-06            0.0027776      0.00049342             0.22386          2.8666e-11             0.77285         2.2188e-14      5.6618e-07          7     
    even_MAG-GUT13851.fa            0.012804                 1.5749e-09              0.98338      4.5193e-05           0.0010049          1.2471e-07           0.0027617         2.2201e-14      2.5621e-07          3     
    even_MAG-GUT14114.fa           0.0043283                 1.6372e-06           3.8289e-06       0.0050133          1.6127e-06          9.8748e-11             0.99065         2.2203e-14      9.3326e-10          7     
    even_MAG-GUT14116.fa             0.15943                 0.00012083            0.0020218      2.5786e-06             0.83702           4.248e-06           0.0014006         2.2197e-14      9.3265e-07          5     
    even_MAG-GUT14383.fa          2.4524e-06                 7.0327e-05           1.0199e-05      3.3376e-09            0.020531          4.9014e-14             0.97939           2.22e-14        2.22e-14          7     
    even_MAG-GUT14477.fa          0.00081955                 1.1323e-05           0.00020439      3.6885e-11          0.00066879           3.221e-11              0.9983         2.2992e-14      1.1816e-11          7     
    even_MAG-GUT14523.fa            0.015477                  1.206e-06           3.0967e-07        0.012453          4.6749e-06          2.7942e-10             0.97206         2.2206e-14      3.3012e-09          7     
    even_MAG-GUT14640.fa            0.045472                 1.9902e-11              0.95192      1.0226e-05           0.0011064          2.8225e-08           0.0014943         2.2195e-14      2.8981e-08          3     
    even_MAG-GUT14683.fa             0.03567                 6.1727e-08           1.6463e-06       0.0017331          4.8661e-06          1.3738e-11             0.96259         2.2195e-14      8.6013e-10          7     
    even_MAG-GUT15028.fa             0.97369                 2.0581e-13           3.1842e-06       0.0061256            0.015284          2.7054e-14           0.0048956         2.7054e-14      2.7054e-14          1     
    even_MAG-GUT15034.fa             0.01576                 4.5486e-06            8.102e-06       0.0052158          1.1236e-05          5.9106e-10               0.979         2.2203e-14       1.619e-08          7     
    even_MAG-GUT151.fa             0.0086123                 0.00031993           0.00035085      2.7449e-07             0.98779          1.0093e-08           0.0029264         2.2254e-14      1.0905e-07          5     
    even_MAG-GUT15133.fa            0.057937                 8.8092e-08           1.7362e-06       0.0033834          2.0186e-05          1.5817e-10             0.93866         2.2197e-14       6.169e-08          7     
    even_MAG-GUT15156.fa            0.051103                 6.9031e-07            1.932e-06       0.0048882          1.6983e-05          4.9763e-10             0.94399         2.2197e-14       1.765e-08          7     
    even_MAG-GUT15229.fa              0.9505                 7.4942e-14           9.5853e-06        0.022425            0.016586          7.4942e-14            0.010479         7.4942e-14      2.1886e-13          1     
    even_MAG-GUT15232.fa             0.36729                  6.932e-08           4.8966e-06       0.0045159          5.8464e-07          1.0151e-11             0.62819         2.2218e-14      1.0792e-11          7     
    even_MAG-GUT15285.fa             0.99775                  5.198e-14           0.00013863       0.0017883          0.00011658            2.22e-14          0.00020829           2.22e-14        2.22e-14          1     
    even_MAG-GUT15486.fa           0.0082052                 3.7779e-09              0.98798      2.1798e-05           0.0028804           5.207e-07           0.0009086         2.2204e-14      7.1712e-07          3     
    even_MAG-GUT15498.fa           0.0046294                 3.7053e-09            2.784e-06        0.020765          9.3212e-05          4.0051e-10             0.97451         2.2201e-14      8.2199e-08          7     
    even_MAG-GUT15544.fa            0.025738                 1.2295e-05           2.2276e-06       0.0017592          7.4788e-06          1.1642e-09             0.97248         2.2199e-14      3.2266e-08          7     
    even_MAG-GUT15605.fa             0.14344                 1.5188e-10              0.83765      3.4182e-05            0.018007          5.0146e-07          0.00086112         2.2206e-14      5.4468e-07          3     
    even_MAG-GUT15914.fa             0.95825                 0.00086623            0.0012974      3.8571e-11           0.0040447          9.3272e-06             0.03553         2.2202e-14      2.3262e-07          1     
    even_MAG-GUT15989.fa          5.6225e-05                 1.1342e-05           0.00055271       0.0029904             0.25983          5.3585e-12             0.73655         2.2202e-14      5.0467e-08          7     
    even_MAG-GUT160.fa               0.11563                    0.88109           0.00078367      0.00019523           0.0014613          1.7223e-10          0.00083339         2.2195e-14      1.4388e-07          2     
    even_MAG-GUT16017.fa             0.19325                 2.5976e-09              0.75219      2.6787e-05            0.049972          5.6199e-07           0.0045536         3.5825e-14      1.4477e-07          3     
    even_MAG-GUT16113.fa             0.75824                 0.00034295             0.014411      3.1742e-12            0.074639          1.0785e-05             0.15236         9.4234e-14      1.8964e-07          1     
    even_MAG-GUT16117.fa             0.11868                 5.0353e-11              0.86038      1.2332e-05            0.017453          2.9016e-07           0.0034763         2.2208e-14        3.55e-07          3     
    even_MAG-GUT16183.fa             0.73842                   0.001084            0.0054943      1.6705e-11             0.21143          1.9896e-05            0.043539          6.966e-14       7.505e-06          1     
    even_MAG-GUT16297.fa             0.97238                 2.5861e-08            0.0019189       0.0065586           0.0059167          2.4202e-10            0.013224         2.2463e-14      9.6958e-08          1     
    even_MAG-GUT16398.fa           0.0082823                  1.362e-09              0.90899       0.0051712           0.0012201          1.3495e-09            0.076335         6.8873e-14      1.7234e-06          3     
    even_MAG-GUT16496.fa            0.035861                 0.00010776             0.058933      2.1136e-06            0.010649          6.5594e-09             0.89444         4.8406e-14      3.8743e-06          7     
    even_MAG-GUT16845.fa             0.85252                  0.0013825             0.021272      1.3973e-11            0.069451          1.6449e-05            0.055356         1.0363e-13      9.4389e-07          1     
    even_MAG-GUT16851.fa           0.0030445                 1.4975e-05           8.3707e-06      5.0319e-09             0.99685          3.6705e-11          8.4166e-05           2.22e-14      4.3683e-07          5     
    even_MAG-GUT16881.fa            0.013307                 6.2214e-06            1.528e-05       0.0041393          6.9471e-06          2.4288e-10             0.98253         2.2202e-14      4.6433e-09          7     
    even_MAG-GUT1707.fa              0.97487                  0.0019988           0.00085181       0.0005843           0.0024119          1.3934e-06            0.019281           2.22e-14      1.5033e-07          1     
    even_MAG-GUT17212.fa           0.0085149                 4.2808e-05           6.9419e-07      1.1114e-10             0.98943          4.7895e-10            0.002007         2.2201e-14      1.2585e-11          5     
    even_MAG-GUT17399.fa          0.00011152                  0.0045246           0.00010825      3.2261e-10           0.0078138          4.2297e-13             0.98744         6.7793e-14      7.3602e-13          7     
    even_MAG-GUT17697.fa          7.4386e-05                 0.00023395           1.0975e-05      4.1837e-09            0.092127          1.3343e-13             0.90755         2.2201e-14      7.3014e-13          7     
    even_MAG-GUT17705.fa             0.00883                  0.0001794           0.00018376      2.5462e-07             0.98686          1.3985e-09            0.003951         2.2201e-14      4.2739e-08          5     
    even_MAG-GUT17733.fa              0.9792                  0.0028679            0.0048108      1.1516e-11           0.0079868          1.7816e-05           0.0051118           2.22e-14      9.9385e-07          1     
    even_MAG-GUT17793.fa            0.021244                   1.84e-09              0.97537      0.00012699          0.00065703          4.3154e-08           0.0026057         2.2201e-14      2.6757e-07          3     
    even_MAG-GUT1792.fa              0.99023                 1.9918e-13           8.9394e-05      0.00022166           0.0089813            2.22e-14          0.00048101           2.22e-14      2.4734e-11          1     
    even_MAG-GUT1796.fa             0.012794                 1.6673e-05           1.7217e-05        0.012322          2.5024e-06          4.3973e-10             0.97485         2.2203e-14      2.8339e-09          7     
    even_MAG-GUT1806.fa            0.0062171                 1.0438e-06           6.4974e-07        0.016993          4.6125e-06          1.5973e-10             0.97678         2.2203e-14      1.2493e-09          7     
    even_MAG-GUT18125.fa            0.005739                 7.9776e-11              0.99044      7.9376e-05            0.001677          1.0551e-09            0.002065         2.2202e-14      1.2823e-07          3     
    even_MAG-GUT18181.fa            0.013341                 5.6861e-09           8.0192e-06       0.0017665          6.8695e-07          1.8468e-12             0.98488           2.22e-14      1.6437e-10          7     
    even_MAG-GUT18366.fa          2.1641e-05                  0.0032605           1.6088e-06      9.4642e-10          0.00024715          2.8611e-14             0.99647         2.8611e-14      2.8611e-14          7     
    even_MAG-GUT18425.fa             0.98677                 2.2201e-14           2.6643e-06       0.0020208          4.7821e-05          2.2201e-14            0.011155         2.2201e-14      2.2201e-14          1     
    even_MAG-GUT18447.fa              0.9837                 0.00052023            0.0063507      3.2537e-12           0.0015929          4.5779e-06           0.0078302         2.2204e-14      5.2704e-08          1     
    even_MAG-GUT18564.fa           0.0026321                 1.5151e-06           1.7872e-06        0.018278          4.0691e-05          6.1474e-10             0.97905           2.22e-14      1.1137e-08          7     
    even_MAG-GUT18577.fa             0.11883                 5.5968e-10              0.87877      0.00012072          0.00071773          5.3543e-07            0.001558         2.2197e-14      1.9798e-06          3     
    even_MAG-GUT18824.fa          5.9142e-05                  0.0005693           3.7811e-06      4.0538e-09            0.023063          2.2451e-14             0.97631         2.2451e-14      2.7802e-13          7     
    even_MAG-GUT18932.fa             0.98186                 3.1335e-14           9.0553e-06       0.0046763          0.00084897          3.1335e-14            0.012601         3.1335e-14      3.1335e-14          1     
    even_MAG-GUT19064.fa             0.98237                   1.37e-10           7.5587e-06      0.00078446          0.00012552            2.22e-14            0.016714           2.22e-14      1.8532e-13          1     
    even_MAG-GUT19165.fa            0.089929                 7.9665e-08            2.183e-06       0.0013921          6.5361e-06          7.0814e-11             0.90867          2.219e-14      5.8121e-09          7     
    even_MAG-GUT19182.fa             0.93437                 0.00030014            0.0053164      2.2127e-11            0.040418           1.449e-05            0.019579         3.0067e-14      3.4127e-06          1     
    even_MAG-GUT19188.fa            0.052659                 1.8338e-05           9.2292e-05       0.0042156          7.4728e-06          1.3695e-09             0.94301         2.2201e-14      2.9948e-08          7     
    even_MAG-GUT19215.fa           0.0034481                 3.7792e-14              0.78667        0.032385           0.0003849          3.7792e-14             0.17711         3.7792e-14      2.5493e-09          3     
    even_MAG-GUT19219.fa               0.911                  0.0015943             0.016968      1.0742e-12            0.011277          8.3401e-06             0.05915         1.2065e-13      1.6316e-08          1     
    even_MAG-GUT19220.fa             0.03797                 6.1627e-10              0.95783      0.00034059           0.0016127          8.2323e-10           0.0022452           2.22e-14      6.7205e-07          3     
    even_MAG-GUT19546.fa            0.028449                 1.5256e-07           4.4234e-06       0.0012529          7.2396e-06          2.5908e-10             0.97029         2.2199e-14      3.7518e-09          7     
    even_MAG-GUT19573.fa            0.011591                 4.6851e-06           2.8523e-06        0.020215           7.019e-06          1.8405e-09             0.96818         2.2206e-14      4.3438e-09          7     
    even_MAG-GUT19615.fa            0.041414                 1.9448e-07           1.3384e-06       0.0026774           2.373e-06          7.3327e-11              0.9559         2.2196e-14      1.4238e-09          7     
    even_MAG-GUT19642.fa            0.041648                 1.3477e-07           1.7531e-06        0.027093          3.8641e-05           5.867e-10             0.93122         2.2207e-14      1.4781e-07          7     
    even_MAG-GUT19644.fa          1.4837e-05                  0.0001486           1.8654e-05      1.2486e-12          9.6356e-06          5.0048e-13             0.99981         2.2205e-14      6.5983e-13          7     
    even_MAG-GUT19648.fa          0.00032195                 1.2817e-05            0.0003486      3.7269e-10             0.15902           2.542e-10             0.84029         2.2198e-14       9.526e-13          7     
    even_MAG-GUT19650.fa             0.98216                 0.00042024            0.0043259      6.1742e-13            0.001553          3.7657e-06            0.011539         2.2217e-14      9.2864e-08          1     
    even_MAG-GUT19738.fa             0.16167                 4.1122e-08              0.82922      4.3656e-05           0.0071637          1.4095e-06           0.0019015         2.2203e-14      3.2474e-06          3     
    even_MAG-GUT19764.fa          1.8992e-05                 0.00031628           1.7469e-05      3.0313e-09             0.14801          7.4263e-14             0.85164         2.2197e-14      2.7741e-12          7     
    even_MAG-GUT19947.fa             0.92649                  1.628e-05           3.9538e-05      9.5434e-10            0.065595          4.2503e-07           0.0078546         2.2197e-14      9.7784e-09          1     
    even_MAG-GUT19996.fa           3.522e-05                  0.0013002           7.4759e-06       5.952e-09           0.0070462          2.6138e-14             0.99161         2.6138e-14      4.1042e-13          7     
    even_MAG-GUT20615.fa          2.3519e-05                 1.7957e-05            0.0045861      4.4792e-14          4.8549e-08          5.2193e-10             0.99537           2.22e-14      2.7038e-11          7     
