[?1h=
                            < M A T L A B (R) >
                  Copyright 1984-2019 The MathWorks, Inc.
              R2019b Update 5 (9.7.0.1319299) 64-bit (glnxa64)
                             February 19, 2020

 
To get started, type doc.
For product information, visit www.mathworks.com.
 
[H[J
dataSetPath = 

    "/mnt/sda/DeepMicrobes-data/labeled_genome-r202/f__Propionibacteriaceae_split_pruned"


testSetPath = 

    "/mnt/sda/DeepMicrobes-data/labeled_genome-r202/hgr_mags/f__Propionibacteriaceae"

Reading sequences .... 
Starting parallel pool (parpool) using the 'local' profile ...
label_GCF_000826065_9.fasta
label_GCF_000826065_8.fasta
label_GCF_000826065_7.fasta
label_GCF_000826065_6.fasta
label_GCF_000826065_5.fasta
label_GCF_000826065_4.fasta
label_GCF_000826065_3.fasta
label_GCF_000826065_2.fasta
label_GCF_000826065_10.fasta
label_GCF_000826065_1.fasta
label_GCF_000826065_0.fasta
Starting parallel pool (parpool) using the 'local' profile ...
label_GCF_000413335_1.fasta
label_GCF_000413335_0.fasta
label_20298_3_1_7.fasta
label_20298_3_1_6.fasta
label_20298_3_1_5.fasta
label_20298_3_1_4.fasta
label_20298_3_1_3.fasta
label_20298_3_1_2.fasta
label_20298_3_1_1.fasta
label_20298_3_1_0.fasta
Starting parallel pool (parpool) using the 'local' profile ...
label_GCF_000826085_2.fasta
label_GCF_000826085_1.fasta
label_GCF_000826085_0.fasta
Starting parallel pool (parpool) using the 'local' profile ...
label_20298_2_29_9.fasta
label_20298_2_29_8.fasta
label_20298_2_29_7.fasta
label_20298_2_29_6.fasta
label_20298_2_29_5.fasta
label_20298_2_29_43.fasta
label_20298_2_29_42.fasta
label_20298_2_29_41.fasta
label_20298_2_29_40.fasta
label_20298_2_29_4.fasta
label_20298_2_29_39.fasta
label_20298_2_29_38.fasta
label_20298_2_29_37.fasta
label_20298_2_29_36.fasta
label_20298_2_29_35.fasta
label_20298_2_29_34.fasta
label_20298_2_29_33.fasta
label_20298_2_29_32.fasta
label_20298_2_29_31.fasta
label_20298_2_29_30.fasta
label_20298_2_29_3.fasta
label_20298_2_29_29.fasta
label_20298_2_29_28.fasta
label_20298_2_29_27.fasta
label_20298_2_29_26.fasta
label_20298_2_29_25.fasta
label_20298_2_29_24.fasta
label_20298_2_29_23.fasta
label_20298_2_29_22.fasta
label_20298_2_29_21.fasta
label_20298_2_29_20.fasta
label_20298_2_29_2.fasta
label_20298_2_29_19.fasta
label_20298_2_29_18.fasta
label_20298_2_29_17.fasta
label_20298_2_29_16.fasta
label_20298_2_29_15.fasta
label_20298_2_29_14.fasta
label_20298_2_29_13.fasta
label_20298_2_29_12.fasta
label_20298_2_29_11.fasta
label_20298_2_29_10.fasta
label_20298_2_29_1.fasta
label_20298_2_29_0.fasta
Generating CGRs.... 
totalSeq is: 68
Starting parallel pool (parpool) using the 'local' profile ...
Starting parallel pool (parpool) using the 'local' profile ...
Computing disMat .... 
Starting parallel pool (parpool) using the 'local' profile ...
Performing classification .... 

minSeqLen =

     0


maxSeqLen =

     0

dataSet is:/mnt/sda/DeepMicrobes-data/labeled_genome-r202/hgr_mags/f__Propionibacteriaceae
Starting parallel pool (parpool) using the 'local' profile ...
Starting parallel pool (parpool) using the 'local' profile ...
Starting parallel pool (parpool) using the 'local' profile ...
numTestSeq is: 49

clusterNames =

  1x4 cell array

  Columns 1 through 3

    {'1-g__Arachnia'}    {'g__Cutibacterium'}    {'g__Nigerium'}

  Column 4

    {'g__Propionibac...'}


clusterNames =

  1x4 cell array

  Columns 1 through 3

    {'1-g__Arachnia'}    {'2-g__Cutibacte...'}    {'g__Nigerium'}

  Column 4

    {'g__Propionibac...'}


clusterNames =

  1x4 cell array

  Columns 1 through 3

    {'1-g__Arachnia'}    {'2-g__Cutibacte...'}    {'3-g__Nigerium'}

  Column 4

    {'g__Propionibac...'}


clusterNames =

  1x4 cell array

  Columns 1 through 3

    {'1-g__Arachnia'}    {'2-g__Cutibacte...'}    {'3-g__Nigerium'}

  Column 4

    {'4-g__Propionib...'}

  Columns 1 through 3

    '1-g__Arachnia'    '2-g__Cutibacterium'    '3-g__Nigerium'

  Column 4

    '4-g__Propionibac...'


header =

  1x5 cell array

  Columns 1 through 3

    {'1-g__Arachnia'}    {'2-g__Cutibacte...'}    {'3-g__Nigerium'}

  Columns 4 through 5

    {'4-g__Propionib...'}    {'prediction'}


T3 =

  49x5 table

                       1-g__Arachnia    2-g__Cutibacterium    3-g__Nigerium    4-g__Propionibacterium    prediction
                       _____________    __________________    _____________    ______________________    __________

    MAG-GUT1001.fa       0.093643            0.50339             6.26e-14             0.40297                2     
    MAG-GUT1033.fa       0.091943            0.50677            6.245e-14             0.40129                2     
    MAG-GUT1059.fa       0.090383            0.50069           5.5135e-14             0.40892                2     
    MAG-GUT1065.fa       0.088669             0.5032           5.5108e-14             0.40814                2     
    MAG-GUT1122.fa       0.093149            0.50483           6.2535e-14             0.40202                2     
    MAG-GUT1128.fa       0.090476            0.50831           6.2504e-14             0.40122                2     
    MAG-GUT1131.fa       0.090438            0.50757           6.2569e-14             0.40199                2     
    MAG-GUT1133.fa       0.090606            0.50843           6.2501e-14             0.40096                2     
    MAG-GUT1135.fa       0.091605            0.50651           6.2547e-14             0.40188                2     
    MAG-GUT1139.fa       0.091592            0.50646           6.2544e-14             0.40195                2     
    MAG-GUT1148.fa       0.093442            0.50435           6.2541e-14              0.4022                2     
    MAG-GUT1149.fa       0.091896            0.50619           6.2539e-14             0.40192                2     
    MAG-GUT1157.fa       0.091342            0.50108           5.5207e-14             0.40758                2     
    MAG-GUT1258.fa       0.089538            0.50255           5.5126e-14             0.40791                2     
    MAG-GUT1274.fa       0.091077             0.4998           5.5155e-14             0.40912                2     
    MAG-GUT1282.fa       0.090767            0.49996           5.5143e-14             0.40928                2     
    MAG-GUT1287.fa       0.093311            0.49624           5.5103e-14             0.41044                2     
    MAG-GUT1453.fa        0.09175            0.50628           6.2533e-14             0.40197                2     
    MAG-GUT1529.fa       0.090023            0.50923           6.2509e-14             0.40075                2     
    MAG-GUT1534.fa       0.090864            0.50788           6.2529e-14             0.40126                2     
    MAG-GUT1537.fa        0.08792            0.50568           5.5191e-14             0.40641                2     
    MAG-GUT1870.fa        0.10467            0.47752           5.5579e-14             0.41781                2     
    MAG-GUT1873.fa        0.10455            0.47844           5.5498e-14             0.41701                2     
    MAG-GUT1877.fa        0.10156            0.48227           5.5681e-14             0.41616                2     
    MAG-GUT1881.fa        0.10456             0.4788           5.5568e-14             0.41664                2     
    MAG-GUT1883.fa        0.10399            0.47907           5.5595e-14             0.41694                2     
    MAG-GUT1912.fa        0.10129            0.48276           5.5688e-14             0.41595                2     
    MAG-GUT48681.fa      0.089211            0.50291           5.5789e-14             0.40788                2     
    MAG-GUT48721.fa       0.10284            0.47969            5.573e-14             0.41747                2     
    MAG-GUT48763.fa      0.081222            0.51814           6.2615e-14             0.40063                2     
    MAG-GUT48801.fa      0.096102            0.49411           5.5431e-14             0.40979                2     
    MAG-GUT48852.fa       0.09735            0.49168           5.5347e-14             0.41097                2     
    MAG-GUT49009.fa      0.095102            0.49455           5.5665e-14             0.41035                2     
    MAG-GUT49079.fa       0.09478            0.50431           6.3071e-14             0.40092                2     
    MAG-GUT49243.fa      0.098858            0.49219           5.5177e-14             0.40896                2     
    MAG-GUT49261.fa      0.080607             0.5222           6.2387e-14             0.39719                2     
    MAG-GUT49394.fa      0.088521            0.50618           5.5305e-14              0.4053                2     
    MAG-GUT49423.fa      0.099907            0.48889           5.5334e-14             0.41121                2     
    MAG-GUT49507.fa      0.084962            0.51327           6.2716e-14             0.40177                2     
    MAG-GUT49537.fa      0.087494            0.50799           6.2729e-14             0.40452                2     
    MAG-GUT49543.fa      0.095478            0.50361            6.312e-14             0.40091                2     
    MAG-GUT6244.fa       0.086956             0.5124           6.2879e-14             0.40065                2     
    MAG-GUT6256.fa       0.091002            0.49854            5.538e-14             0.41046                2     
    MAG-GUT91259.fa      0.088763            0.50287           5.5705e-14             0.40837                2     
    MAG-GUT91528.fa       0.10116            0.48483           5.5311e-14             0.41401                2     
    MAG-GUT91549.fa       0.09092            0.49875           5.5281e-14             0.41033                2     
    MAG-GUT92079.fa      0.088705            0.50383           6.2232e-14             0.40746                2     
    MAG-GUT92127.fa      0.089325            0.50173           5.5718e-14             0.40895                2     
    MAG-GUT988.fa        0.091197            0.50726           6.2536e-14             0.40154                2     


outputPath = 

    "outputs-HGR-r202/test-f__Propionibacteriaceae_split_pruned.xlsx"

Process completed 
[?1l>