MATLAB is selecting SOFTWARE OPENGL rendering.
[?1h=
                                                                                          < M A T L A B (R) >
                                                                                Copyright 1984-2019 The MathWorks, Inc.
                                                                            R2019b Update 5 (9.7.0.1319299) 64-bit (glnxa64)
                                                                                           February 19, 2020

 
To get started, type doc.
For product information, visit www.mathworks.com.
 
[H[2J
dataSetPath =

    '/home/w328li/MLDSP/samples/c__Actinobacteria'


testSetPath =

    '/home/w328li/MLDSP/samples/hgr_mags/c__Actinobacteria'

Reading sequences .... 
Starting parallel pool (parpool) using the 'local' profile ...
Starting parallel pool (parpool) using the 'local' profile ...
Starting parallel pool (parpool) using the 'local' profile ...
Starting parallel pool (parpool) using the 'local' profile ...
Starting parallel pool (parpool) using the 'local' profile ...
Starting parallel pool (parpool) using the 'local' profile ...
Starting parallel pool (parpool) using the 'local' profile ...
Generating CGRs.... 
Computing disMat .... 
Starting parallel pool (parpool) using the 'local' profile ...
Performing classification .... 

minSeqLen =

     0


maxSeqLen =

     0

dataSet is:/home/w328li/MLDSP/samples/hgr_mags/c__Actinobacteria
numTestSeq is: 228
3
3
2
3
3
5
2
3
3
3
1
3
3
5
3
3
3
5
5
5
3
5
2
1
3
5
3
3
3
3
5
5
5
3
5
3
2
5
3
5
3
5
3
2
2
2
2
2
5
2
1
2
2
2
2
6
2
2
2
3
2
2
2
2
2
2
2
1
2
2
2
2
2
2
2
2
2
2
2
2
2
2
2
2
2
2
2
3
2
2
2
2
2
2
2
2
2
3
2
3
2
2
2
2
3
2
2
2
2
2
2
2
2
3
2
2
2
5
3
3
3
3
5
3
5
3
3
1
5
5
5
5
5
5
5
3
5
3
3
2
3
2
2
2
2
2
1
2
2
2
5
5
3
5
3
3
3
5
3
5
3
5
5
2
3
1
2
3
3
2
2
2
2
2
2
2
2
2
2
2
2
2
2
2
2
3
2
2
2
2
5
2
2
2
2
2
2
2
2
2
3
3
2
2
5
2
1
2
2
2
2
2
2
2
3
3
3
2
2
2
3
5
2
2
5
3
2
5

clusterNames =

  1x7 cell array

    {'1-o__Actinomycetales'}    {'o__Bifidobacteriales'}    {'o__Corynebacteriales'}    {'o__Geodermatophilales'}    {'o__Micrococcales'}    {'o__Propionibacteri...'}    {'o__Streptomycetales'}


clusterNames =

  1x7 cell array

    {'1-o__Actinomycetales'}    {'2-o__Bifidobacteri...'}    {'o__Corynebacteriales'}    {'o__Geodermatophilales'}    {'o__Micrococcales'}    {'o__Propionibacteri...'}    {'o__Streptomycetales'}


clusterNames =

  1x7 cell array

    {'1-o__Actinomycetales'}    {'2-o__Bifidobacteri...'}    {'3-o__Corynebacteri...'}    {'o__Geodermatophilales'}    {'o__Micrococcales'}    {'o__Propionibacteri...'}    {'o__Streptomycetales'}


clusterNames =

  1x7 cell array

    {'1-o__Actinomycetales'}    {'2-o__Bifidobacteri...'}    {'3-o__Corynebacteri...'}    {'4-o__Geodermatophi...'}    {'o__Micrococcales'}    {'o__Propionibacteri...'}    {'o__Streptomycetales'}


clusterNames =

  1x7 cell array

    {'1-o__Actinomycetales'}    {'2-o__Bifidobacteri...'}    {'3-o__Corynebacteri...'}    {'4-o__Geodermatophi...'}    {'5-o__Micrococcales'}    {'o__Propionibacteri...'}    {'o__Streptomycetales'}


clusterNames =

  1x7 cell array

    {'1-o__Actinomycetales'}    {'2-o__Bifidobacteri...'}    {'3-o__Corynebacteri...'}    {'4-o__Geodermatophi...'}    {'5-o__Micrococcales'}    {'6-o__Propionibacte...'}    {'o__Streptomycetales'}


clusterNames =

  1x7 cell array

    {'1-o__Actinomycetales'}    {'2-o__Bifidobacteri...'}    {'3-o__Corynebacteri...'}    {'4-o__Geodermatophi...'}    {'5-o__Micrococcales'}    {'6-o__Propionibacte...'}    {'7-o__Streptomycetales'}

    '1-o__Actinomycetales'    '2-o__Bifidobacteriales'    '3-o__Corynebacteriales'    '4-o__Geodermatophilales'    '5-o__Micrococcales'    '6-o__Propionibacteri...'    '7-o__Streptomycetales'


header =

  1x8 cell array

    {'1-o__Actinomyc...'}    {'2-o__Bifidobac...'}    {'3-o__Corynebac...'}    {'4-o__Geodermat...'}    {'5-o__Micrococc...'}    {'6-o__Propionib...'}    {'7-o__Streptomy...'}    {'prediction'}


T3 =

  228x8 table

                            1-o__Actinomycetales    2-o__Bifidobacteriales    3-o__Corynebacteriales    4-o__Geodermatophilales    5-o__Micrococcales    6-o__Propionibacteriales    7-o__Streptomycetales    prediction
                            ____________________    ______________________    ______________________    _______________________    __________________    ________________________    _____________________    __________

    even_MAG-GUT1000.fa            0.015781               2.2249e-14                    0.7978                3.7668e-07                 0.18642                2.2249e-14                2.2249e-14              3     
    even_MAG-GUT1001.fa              0.1789               1.1067e-13                   0.32541                0.00042184                  0.2848                   0.21046                1.1067e-13              3     
    even_MAG-GUT1012.fa            0.013882                  0.36887                   0.29908                2.2181e-05                 0.13678                   0.18136                8.1307e-14              2     
    even_MAG-GUT1026.fa           0.0034259                2.218e-14                   0.76237                1.0374e-07                  0.2342                 2.218e-14                 2.218e-14              3     
    even_MAG-GUT103.fa              0.26429               2.1763e-13                   0.38359                5.9623e-09                 0.35212                2.1763e-13                2.1763e-13              3     
    even_MAG-GUT1033.fa             0.17865               7.9547e-14                   0.29572                0.00017104                 0.34676                   0.17869                7.9547e-14              5     
    even_MAG-GUT10488.fa           0.015275                  0.45587                3.2542e-13                0.00028002                 0.22669                   0.30189                3.2542e-13              2     
    even_MAG-GUT1054.fa              0.1372               1.2773e-13                   0.33341                0.00045915                 0.30713                    0.2218                1.2773e-13              3     
    even_MAG-GUT1059.fa             0.16929                1.075e-13                   0.32258                0.00049415                 0.30019                   0.20745                 1.075e-13              3     
    even_MAG-GUT1065.fa             0.15999               1.1969e-13                   0.33502                0.00057008                 0.28479                   0.21963                1.1969e-13              3     
    even_MAG-GUT10734.fa            0.58538               5.0648e-14                   0.23954                1.1859e-07                 0.17509                5.0648e-14                5.0648e-14              1     
    even_MAG-GUT1089.fa             0.16579               1.4373e-13                    0.3436                 0.0007152                 0.25637                   0.23352                1.4373e-13              3     
    even_MAG-GUT1122.fa             0.12392               1.2687e-13                   0.33376                0.00038669                  0.3203                   0.22163                1.2687e-13              3     
    even_MAG-GUT1128.fa             0.21854               1.8842e-13                   0.37213                0.00039722                 0.40894                1.8842e-13                1.8842e-13              5     
    even_MAG-GUT1131.fa             0.21495               8.6629e-14                    0.3052                0.00029316                 0.29192                   0.18763                8.6629e-14              3     
    even_MAG-GUT1133.fa             0.17795               1.0938e-13                   0.32415                0.00037701                 0.28834                   0.20919                1.0938e-13              3     
    even_MAG-GUT1135.fa             0.17315               9.3227e-14                   0.31542                0.00041877                  0.3146                   0.19641                9.3227e-14              3     
    even_MAG-GUT1139.fa             0.15849               8.6545e-14                   0.30692                0.00023835                 0.34602                   0.18833                8.6545e-14              5     
    even_MAG-GUT1143.fa             0.19364               1.5552e-13                   0.36347                0.00036482                 0.44253                1.5552e-13                1.5552e-13              5     
    even_MAG-GUT1148.fa             0.16155               1.6756e-13                    0.3648                4.4408e-05                 0.47361                1.6756e-13                1.6756e-13              5     
    even_MAG-GUT1149.fa             0.14311               1.1764e-13                   0.33411                0.00043259                 0.30414                    0.2182                1.1764e-13              3     
    even_MAG-GUT1157.fa             0.14529               8.2833e-14                    0.3021                0.00021889                 0.36867                   0.18372                8.2833e-14              5     
    even_MAG-GUT11934.fa         0.00022698                  0.94552                2.2215e-14                 8.881e-06                0.017427                  0.036821                2.2215e-14              2     
    even_MAG-GUT12030.fa            0.54828               9.6028e-14                   0.30989                1.5294e-08                 0.14184                9.6028e-14                9.6028e-14              1     
    even_MAG-GUT1249.fa             0.18474               9.8739e-14                     0.322                 0.0003367                 0.29015                   0.20277                9.8739e-14              3     
    even_MAG-GUT1258.fa             0.17125               8.9181e-14                   0.31007                0.00030045                 0.32694                   0.19145                8.9181e-14              5     
    even_MAG-GUT1265.fa             0.20192               1.0119e-13                    0.3245                0.00033908                 0.26787                   0.20537                1.0119e-13              3     
    even_MAG-GUT1274.fa             0.12213               1.2533e-13                   0.33261                0.00058428                 0.32429                   0.22038                1.2533e-13              3     
    even_MAG-GUT12797.fa            0.11158               2.2634e-14                   0.74398                5.3503e-13                 0.14444                2.2634e-14                2.2634e-14              3     
    even_MAG-GUT1282.fa             0.16765               1.1979e-13                   0.33473                0.00047531                  0.2776                   0.21954                1.1979e-13              3     
    even_MAG-GUT1287.fa              0.1819               8.8036e-14                   0.30809                0.00014761                 0.32003                   0.18983                8.8036e-14              5     
    even_MAG-GUT1453.fa             0.14412               8.7449e-14                   0.30889                0.00033339                 0.35686                   0.18979                8.7449e-14              5     
    even_MAG-GUT1485.fa             0.23743               1.5922e-13                   0.36312                0.00019125                 0.39926                1.5922e-13                1.5922e-13              5     
    even_MAG-GUT1529.fa             0.25222               2.8622e-13                    0.3985                 0.0012083                 0.34808                2.8622e-13                2.8622e-13              3     
    even_MAG-GUT1534.fa             0.12515                 9.89e-14                   0.31571                0.00033551                  0.3593                    0.1995                  9.89e-14              5     
    even_MAG-GUT1537.fa             0.26472               2.3552e-13                    0.3908                 0.0011143                 0.34336                2.3552e-13                2.3552e-13              3     
    even_MAG-GUT1826.fa             0.07092                  0.42003                   0.35779                0.00014353                 0.15112                1.7269e-13                1.7269e-13              2     
    even_MAG-GUT1870.fa             0.23982               2.0194e-13                   0.37757                 0.0005623                 0.38205                2.0194e-13                2.0194e-13              5     
    even_MAG-GUT1873.fa             0.16578                1.084e-13                    0.3237                0.00023908                 0.30181                   0.20846                 1.084e-13              3     
    even_MAG-GUT1877.fa             0.13466               1.0181e-13                    0.3184                0.00035822                 0.34418                    0.2024                1.0181e-13              5     
    even_MAG-GUT1881.fa             0.20415                8.795e-14                   0.30729                0.00035342                 0.29879                   0.18942                 8.795e-14              3     
    even_MAG-GUT1883.fa             0.14267                8.952e-14                   0.31187                  0.000298                 0.35269                   0.19246                 8.952e-14              5     
    even_MAG-GUT1912.fa             0.15233               1.0746e-13                   0.32343                0.00042019                 0.31597                   0.20785                1.0746e-13              3     
    even_MAG-GUT2058.fa           0.0038134                   0.3611                   0.29141                1.8233e-05                 0.16878                   0.17488                 7.678e-14              2     
    even_MAG-GUT2078.fa            0.034285                  0.41369                   0.34888                 0.0001245                 0.20302                 1.437e-13                 1.437e-13              2     
    even_MAG-GUT2079.fa           0.0090169                  0.43367                1.7162e-13                0.00077354                 0.29982                   0.25672                1.7162e-13              2     
    even_MAG-GUT23346.fa           0.060517                  0.40814                   0.34382                5.9322e-05                 0.18746                 1.403e-13                 1.403e-13              2     
    even_MAG-GUT23723.fa           0.051584                  0.42369                   0.36278                0.00016539                 0.16177                1.9626e-13                1.9626e-13              2     
    even_MAG-GUT24184.fa            0.32786               8.9044e-14                   0.31862                3.1481e-07                 0.35352                8.9044e-14                8.9044e-14              5     
    even_MAG-GUT26586.fa           0.001061                   0.3562                   0.28423                5.3763e-06                 0.19266                   0.16585                6.8559e-14              2     
    even_MAG-GUT27127.fa            0.83803               2.2316e-14                  0.080554                4.7205e-11                0.081412                2.2316e-14                2.2316e-14              1     
    even_MAG-GUT28721.fa           0.017037                  0.45424                2.7959e-13                0.00021741                 0.23392                   0.29459                2.7959e-13              2     
    even_MAG-GUT28738.fa           0.024586                  0.44882                 3.072e-13                0.00037078                 0.23143                    0.2948                 3.072e-13              2     
    even_MAG-GUT33270.fa          0.0074852                  0.39861                1.1047e-13                1.4501e-05                 0.38171                   0.21219                1.1047e-13              2     
    even_MAG-GUT36138.fa         0.00085059                   0.9247                2.2239e-14                4.0225e-05                0.040853                  0.033555                2.2239e-14              2     
    even_MAG-GUT3702.fa          0.00046155                 0.097806                  0.064975                2.1361e-09                0.024705                   0.81205                2.2473e-14              6     
    even_MAG-GUT37090.fa         0.00039338                  0.94451                2.2215e-14                9.2693e-06                0.018298                  0.036785                2.2215e-14              2     
    even_MAG-GUT408.fa             0.068549                  0.41706                   0.35479                0.00022707                 0.15937                1.6853e-13                1.6853e-13              2     
    even_MAG-GUT409.fa             0.048813                  0.42243                   0.35986                0.00023744                 0.16866                1.7357e-13                1.7357e-13              2     
    even_MAG-GUT41097.fa            0.07872               2.2366e-14                   0.84548                3.9533e-14                0.075801                2.2366e-14                2.2366e-14              3     
    even_MAG-GUT412.fa             0.089708                  0.42127                    0.3592                0.00020438                 0.12962                1.7557e-13                1.7557e-13              2     
    even_MAG-GUT418.fa             0.055197                  0.41806                   0.35557                0.00014149                 0.17103                1.6839e-13                1.6839e-13              2     
    even_MAG-GUT420.fa             0.079171                  0.41408                   0.35008                4.9202e-05                 0.15662                 1.485e-13                 1.485e-13              2     
    even_MAG-GUT421.fa             0.030692                  0.42335                   0.36202                0.00025714                 0.18368                1.9205e-13                1.9205e-13              2     
    even_MAG-GUT422.fa             0.046403                  0.41482                   0.35212                7.5535e-05                 0.18658                1.6281e-13                1.6281e-13              2     
    even_MAG-GUT423.fa             0.054504                  0.42321                   0.36074                0.00019178                 0.16136                1.7532e-13                1.7532e-13              2     
    even_MAG-GUT425.fa             0.059454                   0.4236                   0.36282                0.00016857                 0.15396                1.9722e-13                1.9722e-13              2     
    even_MAG-GUT42852.fa            0.51199               4.5753e-14                   0.22937                1.7978e-12                 0.25864                4.5753e-14                4.5753e-14              1     
    even_MAG-GUT429.fa             0.068524                  0.42114                   0.36048                0.00019801                 0.14966                1.9445e-13                1.9445e-13              2     
    even_MAG-GUT430.fa              0.07302                  0.41901                    0.3568                0.00017343                   0.151                1.7152e-13                1.7152e-13              2     
    even_MAG-GUT431.fa             0.054472                  0.41742                   0.35491                0.00020895                 0.17299                1.6744e-13                1.6744e-13              2     
    even_MAG-GUT432.fa             0.053944                  0.41968                   0.35878                0.00026783                 0.16733                 1.902e-13                 1.902e-13              2     
    even_MAG-GUT433.fa             0.033732                  0.42272                   0.35986                0.00019271                  0.1835                1.7185e-13                1.7185e-13              2     
    even_MAG-GUT435.fa             0.064913                  0.42309                   0.36238                0.00023481                 0.14939                1.9709e-13                1.9709e-13              2     
    even_MAG-GUT43623.fa           0.050313                  0.42143                   0.36047                5.8047e-05                 0.16773                 1.924e-13                 1.924e-13              2     
    even_MAG-GUT43628.fa           0.068989                  0.41422                   0.35193                3.5129e-05                 0.16482                1.6475e-13                1.6475e-13              2     
    even_MAG-GUT43934.fa           0.079382                  0.41686                   0.35472                0.00013787                  0.1489                1.6918e-13                1.6918e-13              2     
    even_MAG-GUT441.fa             0.051237                  0.41683                   0.35426                  0.000167                  0.1775                1.6622e-13                1.6622e-13              2     
    even_MAG-GUT444.fa             0.039261                  0.42365                   0.36091                0.00020295                 0.17598                1.7396e-13                1.7396e-13              2     
    even_MAG-GUT445.fa             0.039154                  0.42231                   0.36115                0.00016537                 0.17722                1.9194e-13                1.9194e-13              2     
    even_MAG-GUT44512.fa           0.045916                  0.43505                   0.37662                0.00021042                  0.1422                2.6917e-13                2.6917e-13              2     
    even_MAG-GUT446.fa              0.12253                  0.41558                   0.35363                 0.0001433                 0.10812                1.6885e-13                1.6885e-13              2     
    even_MAG-GUT44736.fa           0.011126                  0.36747                    0.2977                3.3556e-05                 0.14349                   0.18018                8.0468e-14              2     
    even_MAG-GUT449.fa              0.05154                  0.41472                   0.35213                0.00018245                 0.18143                1.6339e-13                1.6339e-13              2     
    even_MAG-GUT44961.fa           0.012712                  0.43389                1.9532e-13                8.3496e-05                 0.28934                   0.26398                1.9532e-13              2     
    even_MAG-GUT450.fa             0.066576                  0.41427                   0.35195                0.00020107                 0.16701                1.6459e-13                1.6459e-13              2     
    even_MAG-GUT452.fa             0.053328                  0.41963                   0.35712                0.00018163                 0.16974                 1.703e-13                 1.703e-13              2     
    even_MAG-GUT45205.fa            0.25073               5.5393e-13                   0.42785                3.5818e-07                 0.32143                5.5393e-13                5.5393e-13              3     
    even_MAG-GUT453.fa             0.049879                  0.41892                   0.35634                8.4718e-05                 0.17478                1.6888e-13                1.6888e-13              2     
    even_MAG-GUT455.fa             0.049669                  0.42109                   0.36013                0.00022289                 0.16888                1.9179e-13                1.9179e-13              2     
    even_MAG-GUT456.fa             0.047333                  0.41723                   0.35459                0.00024903                 0.18059                1.6626e-13                1.6626e-13              2     
    even_MAG-GUT457.fa             0.052529                  0.42191                   0.36101                0.00025614                  0.1643                1.9356e-13                1.9356e-13              2     
    even_MAG-GUT4577.fa            0.019643                   0.4553                3.2637e-13                0.00030817                 0.22304                   0.30171                3.2637e-13              2     
    even_MAG-GUT45829.fa           0.014966                   0.4162                   0.35092                2.5653e-05                 0.21789                1.4396e-13                1.4396e-13              2     
    even_MAG-GUT459.fa              0.06109                  0.42071                   0.35834                0.00017229                 0.15968                1.7266e-13                1.7266e-13              2     
    even_MAG-GUT46159.fa           0.031736                  0.43757                2.1136e-13                 0.0011202                 0.25879                   0.27077                2.1136e-13              2     
    even_MAG-GUT462.fa             0.087902                  0.41977                    0.3593                  0.000194                 0.13284                1.9403e-13                1.9403e-13              2     
    even_MAG-GUT46247.fa          0.0043424               2.2223e-14                    0.6314                2.2223e-14                 0.36425                2.2223e-14                2.2223e-14              3     
    even_MAG-GUT463.fa             0.033522                  0.42163                   0.35874                0.00014374                 0.18596                1.7028e-13                1.7028e-13              2     
    even_MAG-GUT4634.fa             0.20948               2.2795e-14                   0.67896                7.8827e-13                 0.11156                2.2795e-14                2.2795e-14              3     
    even_MAG-GUT464.fa             0.040249                   0.4202                   0.35745                0.00011527                 0.18199                1.6931e-13                1.6931e-13              2     
    even_MAG-GUT46486.fa           0.047782                  0.42293                   0.36035                 8.119e-05                 0.16886                1.7411e-13                1.7411e-13              2     
    even_MAG-GUT46493.fa           0.050504                  0.42298                   0.36044                 0.0001988                 0.16588                1.7453e-13                1.7453e-13              2     
    even_MAG-GUT465.fa             0.050659                  0.41599                   0.35156                0.00020649                 0.18158                1.4827e-13                1.4827e-13              2     
    even_MAG-GUT4651.fa             0.22661                2.279e-14                   0.67335                3.4097e-13                 0.10004                 2.279e-14                 2.279e-14              3     
    even_MAG-GUT467.fa             0.019564                  0.41813                   0.35483                0.00013236                 0.20734                1.6304e-13                1.6304e-13              2     
    even_MAG-GUT46719.fa           0.020836                  0.44134                2.1538e-13                0.00098265                 0.26298                   0.27386                2.1538e-13              2     
    even_MAG-GUT46760.fa          0.0072117                  0.37253                   0.30253                 8.441e-05                 0.13354                    0.1841                8.3122e-14              2     
    even_MAG-GUT468.fa              0.03251                  0.42586                    0.3646                0.00015471                 0.17688                1.9652e-13                1.9652e-13              2     
    even_MAG-GUT469.fa             0.023066                  0.42456                   0.36146                3.3113e-05                 0.19088                1.7265e-13                1.7265e-13              2     
    even_MAG-GUT470.fa             0.041331                  0.42438                   0.36329                0.00026932                 0.17074                1.9572e-13                1.9572e-13              2     
    even_MAG-GUT471.fa             0.045822                  0.42443                   0.36342                0.00028013                 0.16605                1.9656e-13                1.9656e-13              2     
    even_MAG-GUT47330.fa           0.017793                  0.42099                    0.3577                4.7462e-05                 0.20347                 1.667e-13                 1.667e-13              2     
    even_MAG-GUT47464.fa            0.20885               3.4303e-12                   0.43473                0.00025814                 0.35616                3.4303e-12                3.4303e-12              3     
    even_MAG-GUT47585.fa           0.014105                  0.44794                2.5978e-13                0.00014673                 0.25089                   0.28693                2.5978e-13              2     
    even_MAG-GUT47777.fa          0.0053027                  0.44685                1.9393e-13                3.6609e-05                 0.27655                   0.27126                1.9393e-13              2     
    even_MAG-GUT48579.fa           0.073575                  0.41184                    0.3496                7.5761e-05                  0.1649                1.6205e-13                1.6205e-13              2     
    even_MAG-GUT48681.fa            0.13448               1.0454e-13                   0.32142                0.00029047                 0.33848                   0.20533                1.0454e-13              5     
    even_MAG-GUT48721.fa             0.1645               1.1259e-13                   0.32799                0.00034556                 0.29446                   0.21269                1.1259e-13              3     
    even_MAG-GUT48763.fa             0.1898               9.3285e-14                   0.31491                0.00024374                 0.29883                   0.19622                9.3285e-14              3     
    even_MAG-GUT48801.fa            0.17568                1.123e-13                   0.32717                0.00047055                 0.28453                   0.21214                 1.123e-13              3     
    even_MAG-GUT48805.fa            0.27475               4.4711e-13                   0.43346                2.2346e-06                 0.29179                4.4711e-13                4.4711e-13              3     
    even_MAG-GUT48852.fa            0.12106               1.0404e-13                    0.3218                0.00028079                 0.35161                   0.20524                1.0404e-13              5     
    even_MAG-GUT48995.fa            0.31327               1.4431e-13                   0.36001                0.00022038                  0.3265                1.4431e-13                1.4431e-13              3     
    even_MAG-GUT49009.fa            0.18606               1.4255e-13                   0.35413                 0.0002646                 0.45955                1.4255e-13                1.4255e-13              5     
    even_MAG-GUT49041.fa            0.31618                1.573e-13                   0.36993                1.3578e-05                 0.31388                 1.573e-13                 1.573e-13              3     
    even_MAG-GUT49046.fa            0.32021               3.4097e-13                   0.41236                7.2797e-06                 0.26742                3.4097e-13                3.4097e-13              3     
    even_MAG-GUT49058.fa            0.38304               1.2201e-13                   0.34104                8.2626e-05                 0.27584                1.2201e-13                1.2201e-13              1     
    even_MAG-GUT49079.fa            0.17182               1.5913e-13                   0.35811                0.00030924                 0.46977                1.5913e-13                1.5913e-13              5     
    even_MAG-GUT49243.fa            0.16478               8.2616e-14                   0.30093                0.00011292                 0.35112                   0.18306                8.2616e-14              5     
    even_MAG-GUT49261.fa            0.14755                2.386e-13                   0.38345                0.00020962                 0.46879                 2.386e-13                 2.386e-13              5     
    even_MAG-GUT49394.fa            0.17682               9.0564e-14                   0.31173                  0.000313                 0.31806                   0.19308                9.0564e-14              5     
    even_MAG-GUT49423.fa             0.1843               1.7037e-13                   0.36444                0.00010389                 0.45115                1.7037e-13                1.7037e-13              5     
    even_MAG-GUT49507.fa            0.15148               7.9396e-14                   0.29654                0.00020113                 0.37286                   0.17893                7.9396e-14              5     
    even_MAG-GUT49537.fa            0.16814               2.0044e-13                   0.37327                0.00038113                 0.45821                2.0044e-13                2.0044e-13              5     
    even_MAG-GUT49543.fa             0.1472                 1.11e-13                   0.32737                0.00035933                 0.31349                   0.21158                  1.11e-13              3     
    even_MAG-GUT4979.fa           0.0073328                  0.38805                1.0075e-13                5.0574e-05                  0.4028                   0.20176                1.0075e-13              5     
    even_MAG-GUT51557.fa            0.29975               1.3738e-13                   0.35447                2.3145e-08                 0.34578                1.3738e-13                1.3738e-13              3     
    even_MAG-GUT51559.fa           0.025875               2.2228e-14                   0.92927                4.5682e-10                0.044852                2.2228e-14                2.2228e-14              3     
    even_MAG-GUT5358.fa             0.25004                  0.48333                4.5347e-13                0.00012286                 0.26651                4.5347e-13                4.5347e-13              2     
    even_MAG-GUT54574.fa           0.084139               2.2281e-14                   0.87266                2.2281e-14                0.043203                2.2281e-14                2.2281e-14              3     
    even_MAG-GUT54955.fa            0.02796                  0.45209                3.6796e-13                0.00018788                 0.21599                   0.30377                3.6796e-13              2     
    even_MAG-GUT55663.fa           0.004925                    0.426                1.5768e-13                0.00029575                 0.32133                   0.24744                1.5768e-13              2     
    even_MAG-GUT55688.fa           0.019211                  0.44245                2.1714e-13                0.00080676                  0.2626                   0.27493                2.1714e-13              2     
    even_MAG-GUT55792.fa            0.20136                  0.47788                5.5694e-12                 0.0068767                 0.31388                5.5694e-12                5.5694e-12              2     
    even_MAG-GUT56059.fa          0.0019555                  0.36869                   0.29875                4.0806e-05                 0.14965                   0.18091                 8.086e-14              2     
    even_MAG-GUT5848.fa             0.41117               1.2327e-13                   0.34326                1.2007e-09                 0.24557                1.2327e-13                1.2327e-13              1     
    even_MAG-GUT59114.fa           0.040543                  0.35678                   0.28769                1.2178e-06                  0.1426                   0.17238                7.5469e-14              2     
    even_MAG-GUT59472.fa          0.0065477                  0.42175                1.5166e-13                0.00057639                 0.32822                    0.2429                1.5166e-13              2     
    even_MAG-GUT62023.fa          0.0036374                  0.40942                1.2101e-13                0.00024039                 0.36384                   0.22287                1.2101e-13              2     
    even_MAG-GUT6244.fa             0.14029               1.5178e-13                   0.35584                0.00019325                 0.50368                1.5178e-13                1.5178e-13              5     
    even_MAG-GUT6247.fa             0.25148               1.6537e-13                   0.36647                0.00036454                 0.38168                1.6537e-13                1.6537e-13              5     
    even_MAG-GUT6251.fa             0.20245               9.2246e-14                   0.31317                0.00027462                 0.28931                   0.19479                9.2246e-14              3     
    even_MAG-GUT6256.fa             0.13351               8.8258e-14                   0.31061                0.00020418                 0.36459                   0.19108                8.8258e-14              5     
    even_MAG-GUT6261.fa             0.22142               8.6134e-14                   0.30438                0.00024862                   0.287                   0.18695                8.6134e-14              3     
    even_MAG-GUT6265.fa             0.21785               8.7515e-14                   0.30639                0.00028067                 0.28674                   0.18874                8.7515e-14              3     
    even_MAG-GUT6273.fa             0.21785               8.7515e-14                   0.30639                0.00028067                 0.28674                   0.18874                8.7515e-14              3     
    even_MAG-GUT6280.fa              0.1773               8.3144e-14                   0.30122                0.00022446                  0.3377                   0.18355                8.3144e-14              5     
    even_MAG-GUT6286.fa             0.21785               8.7515e-14                   0.30639                0.00028067                 0.28674                   0.18874                8.7515e-14              3     
    even_MAG-GUT6290.fa              0.1773               8.3144e-14                   0.30122                0.00022446                  0.3377                   0.18355                8.3144e-14              5     
    even_MAG-GUT63164.fa          0.0017672               2.2173e-14                   0.83845                1.3376e-11                 0.15978                2.2173e-14                2.2173e-14              3     
    even_MAG-GUT6384.fa             0.16612                5.063e-13                   0.40715                 8.435e-09                 0.42673                 5.063e-13                 5.063e-13              5     
    even_MAG-GUT6445.fa             0.17312               5.1474e-13                   0.40715                2.2269e-07                 0.41973                5.1474e-13                5.1474e-13              5     
