MATLAB is selecting SOFTWARE OPENGL rendering.
[?1h=
                                                                                          < M A T L A B (R) >
                                                                                Copyright 1984-2019 The MathWorks, Inc.
                                                                            R2019b Update 5 (9.7.0.1319299) 64-bit (glnxa64)
                                                                                           February 19, 2020

 
To get started, type doc.
For product information, visit www.mathworks.com.
 
[H[2J
dataSetPath =

    '/home/w328li/MLDSP/samples/c__Negativicutes'


testSetPath =

    '/home/w328li/MLDSP/samples/hgr_mags/c__Negativicutes'

Reading sequences .... 
Starting parallel pool (parpool) using the 'local' profile ...
Starting parallel pool (parpool) using the 'local' profile ...
Starting parallel pool (parpool) using the 'local' profile ...
Generating CGRs.... 
Computing disMat .... 
Starting parallel pool (parpool) using the 'local' profile ...
Performing classification .... 

minSeqLen =

     0


maxSeqLen =

     0

dataSet is:/home/w328li/MLDSP/samples/hgr_mags/c__Negativicutes
numTestSeq is: 502
3
3
3
3
3
3
3
3
3
3
3
3
3
3
3
2
3
3
2
2
3
3
3
3
2
3
2
2
3
3
2
3
3
3
3
3
3
3
3
3
3
3
3
3
3
3
3
3
3
3
3
3
3
3
3
3
3
3
1
3
3
3
3
3
3
3
3
3
3
3
3
3
3
3
3
3
3
3
3
3
3
3
3
3
3
3
3
3
3
1
3
3
3
3
3
3
3
3
3
3
3
3
3
3
3
3
3
3
2
2
3
3
3
3
3
3
3
3
1
3
3
3
3
3
3
2
3
3
3
3
1
3
1
1
1
1
1
3
3
3
3
3
3
3
3
3
3
3
3
3
3
3
3
3
3
3
3
3
3
3
3
3
3
3
3
3
3
3
2
3
3
3
3
3
3
3
3
3
3
3
3
3
3
3
3
3
3
3
3
3
3
3
3
3
3
3
3
3
3
3
3
3
3
3
3
3
3
2
3
2
3
3
3
3
3
3
3
2
3
3
3
3
3
3
3
3
3
3
3
2
3
3
3
3
3
3
3
2
3
3
3
2
3
3
3
3
3
3
2
3
3
3
3
3
3
3
3
3
3
3
3
3
3
3
3
3
3
3
3
3
3
3
3
3
3
3
3
3
3
3
3
3
3
3
3
3
3
3
3
3
3
3
3
3
3
3
3
3
3
3
3
3
3
3
3
3
3
3
3
3
3
3
3
3
3
3
3
3
3
3
3
2
3
3
3
3
3
3
3
3
3
3
3
3
3
3
3
3
3
3
3
3
3
3
3
3
3
3
3
3
3
3
3
3
3
3
3
3
3
3
3
3
3
3
3
3
3
3
3
3
3
3
3
3
3
3
3
3
3
3
3
3
3
3
3
3
3
3
3
3
3
3
3
3
3
2
3
3
3
3
3
3
3
3
3
3
3
3
3
3
3
3
3
3
3
3
3
3
3
3
3
3
3
3
3
3
3
3
3
3
3
3
3
3
3
3
3
3
3
3
3
3
3
3
3
3
3
3
3
3
3
3
3
3
3
3
3
3
3
3
3
3
3
3
3
3
3
3
3
3
3
3
3
3
3
3
3
3
3
3
3
3
3
3
3
3
3
3
3
3
3
3
3
3
3
3
3
3
3
3
3
2

clusterNames =

  1x3 cell array

    {'1-o__Acidaminococcales'}    {'o__Selenomonadales'}    {'o__Veillonellales'}


clusterNames =

  1x3 cell array

    {'1-o__Acidaminococcales'}    {'2-o__Selenomonadales'}    {'o__Veillonellales'}


clusterNames =

  1x3 cell array

    {'1-o__Acidaminococcales'}    {'2-o__Selenomonadales'}    {'3-o__Veillonellales'}

    '1-o__Acidaminococcales'    '2-o__Selenomonadales'    '3-o__Veillonellales'


header =

  1x4 cell array

    {'1-o__Acidaminococcales'}    {'2-o__Selenomonadales'}    {'3-o__Veillonellales'}    {'prediction'}


T3 =

  502x4 table

                            1-o__Acidaminococcales    2-o__Selenomonadales    3-o__Veillonellales    prediction
                            ______________________    ____________________    ___________________    __________

    even_MAG-GUT1018.fa           2.0328e-11                  0.10784                0.89216             3     
    even_MAG-GUT10270.fa             0.10992                0.0069047                0.88318             3     
    even_MAG-GUT10346.fa          0.00064332                0.0056183                0.99374             3     
    even_MAG-GUT10398.fa             0.39515               0.00071373                0.60413             3     
    even_MAG-GUT1049.fa           2.7309e-09                 0.025299                 0.9747             3     
    even_MAG-GUT1050.fa            2.371e-10                 0.028395                0.97161             3     
    even_MAG-GUT10593.fa          0.00043498                 0.024987                0.97458             3     
    even_MAG-GUT10625.fa            0.054452                 0.060956                0.88459             3     
    even_MAG-GUT11004.fa          5.0527e-07                0.0048832                0.99512             3     
    even_MAG-GUT11014.fa             0.06475                0.0036185                0.93163             3     
    even_MAG-GUT11020.fa          2.6339e-09                 0.018184                0.98182             3     
    even_MAG-GUT11171.fa           0.0063831                0.0089007                0.98472             3     
    even_MAG-GUT11210.fa              0.3024                0.0004471                0.69715             3     
    even_MAG-GUT11332.fa             0.26865                 0.004373                0.72698             3     
    even_MAG-GUT11435.fa             0.17135                0.0086684                0.81998             3     
    even_MAG-GUT11521.fa          1.2553e-06                  0.55229                0.44771             2     
    even_MAG-GUT11638.fa          3.9542e-06                  0.44514                0.55486             3     
    even_MAG-GUT11829.fa           7.396e-07                  0.39209                0.60791             3     
    even_MAG-GUT11847.fa          2.0221e-06                  0.51574                0.48426             2     
    even_MAG-GUT11972.fa          8.2444e-07                  0.99984             0.00015594             2     
    even_MAG-GUT11977.fa          1.3742e-06                  0.32529                0.67471             3     
    even_MAG-GUT1198.fa           2.0988e-08                 0.010766                0.98923             3     
    even_MAG-GUT12049.fa          5.4856e-07                  0.40321                0.59679             3     
    even_MAG-GUT1206.fa           3.8756e-10                 0.043418                0.95658             3     
    even_MAG-GUT12063.fa          1.0249e-06                  0.71223                0.28777             2     
    even_MAG-GUT12082.fa          3.8028e-07                  0.49215                0.50785             3     
    even_MAG-GUT12095.fa          1.0192e-06                  0.58426                0.41574             2     
    even_MAG-GUT12106.fa            0.083367                  0.90543               0.011207             2     
    even_MAG-GUT1212.fa           3.8756e-10                 0.043418                0.95658             3     
    even_MAG-GUT1217.fa           3.0736e-14                  0.28478                0.71522             3     
    even_MAG-GUT12230.fa          9.2766e-07                  0.63721                0.36279             2     
    even_MAG-GUT12257.fa          2.2318e-07                  0.45899                0.54101             3     
    even_MAG-GUT1227.fa           3.8756e-10                 0.043418                0.95658             3     
    even_MAG-GUT1232.fa             1.58e-09                 0.013417                0.98658             3     
    even_MAG-GUT13045.fa             0.27131                0.0069741                0.72172             3     
    even_MAG-GUT13049.fa           0.0065668                0.0025302                 0.9909             3     
    even_MAG-GUT13227.fa          0.00037944                0.0051038                0.99452             3     
    even_MAG-GUT13322.fa          3.0819e-05                0.0092912                0.99068             3     
    even_MAG-GUT13342.fa          1.2473e-06                0.0065335                0.99347             3     
    even_MAG-GUT1355.fa           1.0367e-10                 0.059788                0.94021             3     
    even_MAG-GUT13749.fa          0.00051017                 0.012177                0.98731             3     
    even_MAG-GUT13830.fa          6.3128e-10                 0.029907                0.97009             3     
    even_MAG-GUT13856.fa          5.8275e-07                  0.41718                0.58282             3     
    even_MAG-GUT13999.fa           6.055e-12                   0.1039                 0.8961             3     
    even_MAG-GUT14159.fa          3.1551e-06                0.0084284                0.99157             3     
    even_MAG-GUT14645.fa          7.1155e-07                  0.47256                0.52744             3     
    even_MAG-GUT1470.fa           3.4965e-08                 0.071302                 0.9287             3     
    even_MAG-GUT14741.fa             0.27131                0.0069741                0.72172             3     
    even_MAG-GUT14745.fa           0.0079948                0.0091386                0.98287             3     
    even_MAG-GUT15061.fa          0.00022111                 0.013187                0.98659             3     
    even_MAG-GUT15089.fa           0.0017903                 0.008757                0.98945             3     
    even_MAG-GUT15427.fa            0.001674                0.0040393                0.99429             3     
    even_MAG-GUT1556.fa           2.6725e-08                 0.021547                0.97845             3     
    even_MAG-GUT1559.fa           5.6823e-08                 0.015277                0.98472             3     
    even_MAG-GUT15742.fa             0.26941                0.0045392                0.72605             3     
    even_MAG-GUT15797.fa          1.8564e-08                0.0086828                0.99132             3     
    even_MAG-GUT1584.fa           2.9081e-13                  0.21199                0.78801             3     
    even_MAG-GUT16129.fa            0.016312                 0.029529                0.95416             3     
    even_MAG-GUT16712.fa              0.9832               4.4772e-12               0.016799             1     
    even_MAG-GUT1677.fa              0.21136                0.0067555                0.78189             3     
    even_MAG-GUT17170.fa          2.7718e-08                 0.012019                0.98798             3     
    even_MAG-GUT17254.fa          1.8588e-05                0.0098486                0.99013             3     
    even_MAG-GUT17255.fa              0.1834                0.0037573                0.81284             3     
    even_MAG-GUT17401.fa            0.011372                0.0040559                0.98457             3     
    even_MAG-GUT17473.fa             0.31137                 0.010554                0.67807             3     
    even_MAG-GUT17515.fa             0.27266                0.0017729                0.72557             3     
    even_MAG-GUT17664.fa          2.6142e-09                 0.020127                0.97987             3     
    even_MAG-GUT17671.fa          7.2527e-08                 0.026078                0.97392             3     
    even_MAG-GUT18233.fa          1.7877e-06                 0.018856                0.98114             3     
    even_MAG-GUT1840.fa           3.4179e-08                 0.023034                0.97697             3     
    even_MAG-GUT18620.fa            0.055326                   0.0207                0.92397             3     
    even_MAG-GUT18785.fa          3.4118e-05                0.0072374                0.99273             3     
    even_MAG-GUT18812.fa            0.050201                  0.15243                0.79737             3     
    even_MAG-GUT18897.fa          1.6852e-05                 0.014616                0.98537             3     
    even_MAG-GUT18970.fa          6.4197e-06                0.0053396                0.99465             3     
    even_MAG-GUT1930.fa           5.7846e-07                 0.045124                0.95488             3     
    even_MAG-GUT19307.fa          0.00022015                0.0096857                0.99009             3     
    even_MAG-GUT19429.fa           0.0050886                 0.012953                0.98196             3     
    even_MAG-GUT1954.fa           1.0924e-13                  0.35333                0.64667             3     
    even_MAG-GUT19990.fa          3.8245e-06                 0.012072                0.98792             3     
    even_MAG-GUT20177.fa            0.036802                  0.01158                0.95162             3     
    even_MAG-GUT20287.fa             0.34581                0.0028652                0.65133             3     
    even_MAG-GUT20294.fa           0.0088637                0.0029942                0.98814             3     
    even_MAG-GUT2031.fa           5.8874e-08                0.0036099                0.99639             3     
    even_MAG-GUT20416.fa            0.010225                0.0068347                0.98294             3     
    even_MAG-GUT2053.fa           9.2962e-11                 0.039206                0.96079             3     
    even_MAG-GUT20540.fa             0.15906                0.0025912                0.83835             3     
    even_MAG-GUT20603.fa             0.16423                0.0075446                0.82822             3     
    even_MAG-GUT2061.fa           3.0868e-11                  0.13671                0.86329             3     
    even_MAG-GUT20639.fa             0.92046               6.9885e-07               0.079538             1     
    even_MAG-GUT2081.fa           8.2358e-13                  0.30827                0.69173             3     
    even_MAG-GUT2086.fa           1.3995e-08                 0.033641                0.96636             3     
    even_MAG-GUT21102.fa          4.4219e-07                 0.010091                0.98991             3     
    even_MAG-GUT21682.fa          4.0521e-11                 0.064221                0.93578             3     
    even_MAG-GUT2203.fa              0.28192                0.0017607                0.71632             3     
    even_MAG-GUT22184.fa            0.039321                 0.028283                 0.9324             3     
    even_MAG-GUT22830.fa          5.7402e-07                  0.37298                0.62702             3     
    even_MAG-GUT23387.fa             0.14939                0.0043515                0.84626             3     
    even_MAG-GUT23746.fa          0.00037029                0.0080347                 0.9916             3     
    even_MAG-GUT23754.fa          1.0062e-05                0.0084973                0.99149             3     
    even_MAG-GUT24052.fa            0.070426                 0.016805                0.91277             3     
    even_MAG-GUT24126.fa           0.0037686               0.00019246                0.99604             3     
    even_MAG-GUT24765.fa          5.5307e-06                 0.083147                0.91685             3     
    even_MAG-GUT25048.fa             0.27159                0.0087495                0.71966             3     
    even_MAG-GUT25340.fa             0.29075                 0.051149                 0.6581             3     
    even_MAG-GUT25590.fa          1.2111e-10                 0.057414                0.94259             3     
    even_MAG-GUT27309.fa          2.2526e-05                 0.018003                0.98197             3     
    even_MAG-GUT27329.fa          4.6171e-06                 0.019277                0.98072             3     
    even_MAG-GUT2841.fa           8.8385e-07                  0.69485                0.30515             2     
    even_MAG-GUT28915.fa          1.0112e-13                  0.84372                0.15628             2     
    even_MAG-GUT29189.fa              0.2268                 0.020258                0.75295             3     
    even_MAG-GUT29214.fa             0.23722                0.0067906                0.75599             3     
    even_MAG-GUT29221.fa             0.22804                 0.020507                0.75145             3     
    even_MAG-GUT29476.fa             0.32309                0.0029245                0.67398             3     
    even_MAG-GUT29587.fa             0.22172               0.00024306                0.77804             3     
    even_MAG-GUT29781.fa          1.0604e-06                 0.010896                 0.9891             3     
    even_MAG-GUT29856.fa          1.3055e-06                 0.018237                0.98176             3     
    even_MAG-GUT29860.fa            0.029773                 0.011761                0.95847             3     
    even_MAG-GUT29878.fa             0.91549               3.7469e-08               0.084507             1     
    even_MAG-GUT30091.fa          8.0175e-06                0.0032527                0.99674             3     
    even_MAG-GUT30581.fa          9.0232e-08                 0.016852                0.98315             3     
    even_MAG-GUT30699.fa          1.3749e-06                 0.025142                0.97486             3     
    even_MAG-GUT31093.fa          1.1187e-07                0.0062592                0.99374             3     
    even_MAG-GUT31302.fa            0.047879               0.00042123                 0.9517             3     
    even_MAG-GUT32106.fa           4.921e-07                 0.010936                0.98906             3     
    even_MAG-GUT32170.fa          3.7229e-06                  0.99704              0.0029602             2     
    even_MAG-GUT32691.fa             0.21419                0.0073739                0.77844             3     
    even_MAG-GUT33511.fa          0.00081537                 0.010571                0.98861             3     
    even_MAG-GUT33530.fa             0.03674                  0.02883                0.93443             3     
    even_MAG-GUT33604.fa           0.0063606               0.00026803                0.99337             3     
    even_MAG-GUT33657.fa              0.8385               1.2455e-06                 0.1615             1     
    even_MAG-GUT3377.fa           5.8948e-12                  0.19618                0.80382             3     
    even_MAG-GUT34206.fa             0.99086               0.00038302              0.0087611             1     
    even_MAG-GUT34421.fa             0.99433               0.00011686              0.0055484             1     
    even_MAG-GUT34513.fa             0.99817               3.0454e-07              0.0018305             1     
    even_MAG-GUT34778.fa             0.99433               0.00011686              0.0055484             1     
    even_MAG-GUT35231.fa             0.99822               0.00035794              0.0014226             1     
    even_MAG-GUT35591.fa            0.035672                 0.011187                0.95314             3     
    even_MAG-GUT35807.fa           0.0032051               6.8486e-05                0.99673             3     
    even_MAG-GUT36136.fa          3.0505e-07                 0.028542                0.97146             3     
    even_MAG-GUT36772.fa          1.1455e-06                   0.2603                0.73969             3     
    even_MAG-GUT36794.fa           3.864e-06                 0.045328                0.95467             3     
    even_MAG-GUT36799.fa          5.9622e-07                  0.33282                0.66718             3     
    even_MAG-GUT36998.fa          3.6635e-08                 0.011038                0.98896             3     
    even_MAG-GUT3710.fa           3.8974e-08                0.0089265                0.99107             3     
    even_MAG-GUT37167.fa           0.0043563                1.728e-06                0.99564             3     
    even_MAG-GUT37176.fa          2.8356e-07                 0.014255                0.98574             3     
    even_MAG-GUT37279.fa          3.9124e-07                0.0069698                0.99303             3     
    even_MAG-GUT37376.fa          1.5935e-05                0.0071687                0.99282             3     
    even_MAG-GUT37445.fa          3.0683e-12                  0.29837                0.70163             3     
    even_MAG-GUT37689.fa          1.9456e-08                 0.016379                0.98362             3     
    even_MAG-GUT37758.fa            0.013461                 0.016694                0.96984             3     
    even_MAG-GUT37878.fa            0.057099                0.0079323                0.93497             3     
    even_MAG-GUT37976.fa             0.24157                0.0014568                0.75697             3     
    even_MAG-GUT38551.fa           0.0012598               2.7159e-06                0.99874             3     
    even_MAG-GUT38702.fa          1.6114e-06                0.0078827                0.99212             3     
    even_MAG-GUT3880.fa           1.1898e-05                0.0098255                0.99016             3     
    even_MAG-GUT39606.fa            0.025855                 0.016694                0.95745             3     
    even_MAG-GUT42358.fa           0.0012933               2.6945e-05                0.99868             3     
    even_MAG-GUT4300.fa              0.03799                 0.016445                0.94556             3     
    even_MAG-GUT43152.fa             0.26314                0.0016937                0.73517             3     
    even_MAG-GUT43155.fa          1.4774e-08                 0.018249                0.98175             3     
    even_MAG-GUT43178.fa           0.0013803                 0.013622                  0.985             3     
    even_MAG-GUT43216.fa          0.00015063                 0.030183                0.96967             3     
    even_MAG-GUT43233.fa             0.24564                 0.013683                0.74067             3     
    even_MAG-GUT43248.fa             0.15217                 0.013824                0.83401             3     
    even_MAG-GUT43289.fa           0.0024522                  0.05396                0.94359             3     
    even_MAG-GUT43329.fa             0.19429                 0.021423                0.78429             3     
    even_MAG-GUT43570.fa          2.2203e-14                  0.60542                0.39458             2     
    even_MAG-GUT43633.fa            0.010197                0.0086256                0.98118             3     
    even_MAG-GUT43698.fa          2.1427e-11                 0.049555                0.95044             3     
    even_MAG-GUT43835.fa             0.29669                0.0028951                0.70042             3     
    even_MAG-GUT44000.fa          1.0401e-06                0.0059083                0.99409             3     
    even_MAG-GUT44111.fa           3.639e-08                 0.012914                0.98709             3     
    even_MAG-GUT44662.fa          1.6022e-09                 0.023636                0.97636             3     
    even_MAG-GUT44851.fa          5.3212e-10                 0.086895                0.91311             3     
    even_MAG-GUT45317.fa          3.6089e-07                 0.011819                0.98818             3     
    even_MAG-GUT4552.fa           4.9176e-06                  0.01441                0.98558             3     
    even_MAG-GUT45633.fa          6.5264e-08                  0.45858                0.54142             3     
    even_MAG-GUT45684.fa          8.7814e-07                 0.011823                0.98818             3     
    even_MAG-GUT45719.fa          2.2204e-14                  0.44297                0.55703             3     
    even_MAG-GUT45776.fa          2.3456e-07                 0.011537                0.98846             3     
    even_MAG-GUT4585.fa           2.1603e-05                0.0081541                0.99182             3     
    even_MAG-GUT45903.fa             0.14635                 0.010161                0.84349             3     
    even_MAG-GUT46165.fa           4.585e-08                  0.49897                0.50103             3     
    even_MAG-GUT46435.fa          2.2301e-10                  0.10546                0.89454             3     
    even_MAG-GUT46922.fa          3.3358e-09                 0.020963                0.97904             3     
    even_MAG-GUT46931.fa          8.3901e-08                0.0087449                0.99126             3     
    even_MAG-GUT46987.fa          8.8255e-14                  0.39114                0.60886             3     
    even_MAG-GUT47106.fa          6.2757e-06                  0.02369                 0.9763             3     
    even_MAG-GUT47186.fa          7.6994e-09                 0.014188                0.98581             3     
    even_MAG-GUT47222.fa          6.0923e-12                  0.31196                0.68804             3     
    even_MAG-GUT47622.fa          7.4229e-08                 0.013095                 0.9869             3     
    even_MAG-GUT47676.fa          7.5672e-08                 0.019802                 0.9802             3     
    even_MAG-GUT47875.fa             0.18349                0.0068857                0.80962             3     
    even_MAG-GUT47922.fa          1.4513e-07                 0.017917                0.98208             3     
    even_MAG-GUT48190.fa          1.6923e-12                  0.28847                0.71153             3     
    even_MAG-GUT48247.fa          1.0184e-07                0.0079423                0.99206             3     
    even_MAG-GUT48628.fa          3.2459e-12                  0.24887                0.75113             3     
    even_MAG-GUT48630.fa            2.45e-12                  0.18626                0.81374             3     
    even_MAG-GUT48634.fa          1.1369e-10                 0.090604                 0.9094             3     
    even_MAG-GUT48635.fa          1.3093e-08                 0.042813                0.95719             3     
    even_MAG-GUT48651.fa          1.9758e-10                  0.12581                0.87419             3     
    even_MAG-GUT48654.fa          2.2409e-10                  0.12326                0.87674             3     
    even_MAG-GUT48684.fa          7.5087e-13                   0.2566                 0.7434             3     
    even_MAG-GUT48694.fa          2.2204e-14                  0.46162                0.53838             3     
    even_MAG-GUT48733.fa          7.9217e-09                 0.020242                0.97976             3     
    even_MAG-GUT48825.fa          8.1401e-09                  0.56181                0.43819             2     
    even_MAG-GUT48863.fa           7.626e-09                 0.010873                0.98913             3     
    even_MAG-GUT48902.fa          7.3487e-09                  0.52468                0.47532             2     
    even_MAG-GUT48923.fa          1.8104e-09                 0.070079                0.92992             3     
    even_MAG-GUT48943.fa          3.0126e-09                   0.1083                 0.8917             3     
    even_MAG-GUT48957.fa          1.4679e-07                 0.016551                0.98345             3     
    even_MAG-GUT48959.fa          2.3264e-08                   0.4631                 0.5369             3     
    even_MAG-GUT48964.fa           1.979e-08                 0.038687                0.96131             3     
    even_MAG-GUT49003.fa           5.531e-13                  0.38136                0.61864             3     
    even_MAG-GUT49011.fa          2.7013e-10                 0.083806                0.91619             3     
    even_MAG-GUT4902.fa           5.0062e-12                  0.93236               0.067645             2     
    even_MAG-GUT49026.fa          8.1678e-12                  0.22128                0.77872             3     
    even_MAG-GUT49035.fa          1.1366e-11                  0.12539                0.87461             3     
    even_MAG-GUT49036.fa          6.7631e-09                 0.023421                0.97658             3     
    even_MAG-GUT49203.fa           1.035e-10                  0.10637                0.89363             3     
    even_MAG-GUT49266.fa          2.8136e-13                  0.32542                0.67458             3     
    even_MAG-GUT49294.fa          9.3921e-07                 0.016018                0.98398             3     
    even_MAG-GUT49309.fa          2.3717e-11                 0.073917                0.92608             3     
    even_MAG-GUT49328.fa          1.4662e-13                  0.46921                0.53079             3     
    even_MAG-GUT49355.fa          1.0953e-10                  0.21277                0.78723             3     
    even_MAG-GUT49371.fa          5.7128e-11                  0.12378                0.87622             3     
    even_MAG-GUT49399.fa          1.0606e-11                  0.21757                0.78243             3     
    even_MAG-GUT49414.fa          2.2204e-14                  0.54552                0.45448             2     
    even_MAG-GUT49474.fa          8.3555e-11                  0.22322                0.77678             3     
    even_MAG-GUT49516.fa          5.0015e-08                  0.46284                0.53716             3     
    even_MAG-GUT49534.fa          8.1867e-08                  0.40971                0.59029             3     
    even_MAG-GUT49545.fa           1.231e-09                 0.020421                0.97958             3     
    even_MAG-GUT49558.fa          3.1016e-11                  0.22197                0.77803             3     
    even_MAG-GUT49568.fa          5.2266e-09                 0.043151                0.95685             3     
    even_MAG-GUT49571.fa          3.8523e-10                  0.14566                0.85434             3     
    even_MAG-GUT49576.fa           4.127e-08                  0.50711                0.49289             2     
    even_MAG-GUT49583.fa          7.5931e-10                  0.14892                0.85108             3     
    even_MAG-GUT49589.fa          7.5148e-12                   0.1894                 0.8106             3     
    even_MAG-GUT49596.fa          1.6807e-10                  0.13489                0.86511             3     
    even_MAG-GUT49597.fa          2.2203e-14                  0.60716                0.39284             2     
    even_MAG-GUT49604.fa          8.0539e-14                  0.40144                0.59856             3     
    even_MAG-GUT5004.fa           3.9325e-08                0.0045434                0.99546             3     
    even_MAG-GUT50478.fa          3.0429e-05                 0.012165                 0.9878             3     
    even_MAG-GUT50508.fa          2.1431e-05                0.0086341                0.99134             3     
    even_MAG-GUT51926.fa            0.072471                 0.012592                0.91494             3     
    even_MAG-GUT51928.fa              0.2929                0.0076567                0.69944             3     
    even_MAG-GUT5199.fa           3.4784e-08                  0.50442                0.49558             2     
    even_MAG-GUT52992.fa           3.198e-06                 0.012523                0.98747             3     
    even_MAG-GUT5341.fa             0.082894                 0.015106                  0.902             3     
    even_MAG-GUT5375.fa            3.712e-06                 0.020326                0.97967             3     
    even_MAG-GUT54583.fa          0.00033892                0.0070214                0.99264             3     
    even_MAG-GUT55383.fa           0.0027101               4.0061e-06                0.99729             3     
    even_MAG-GUT56345.fa           5.998e-07                  0.28168                0.71832             3     
    even_MAG-GUT56503.fa            0.012829                 0.014445                0.97273             3     
    even_MAG-GUT56559.fa             0.30148                0.0030651                0.69545             3     
    even_MAG-GUT56570.fa          7.8381e-08                0.0053086                0.99469             3     
    even_MAG-GUT56604.fa             0.29782                0.0024425                0.69973             3     
    even_MAG-GUT5676.fa              0.17934                  0.03224                0.78842             3     
    even_MAG-GUT5687.fa            3.824e-08                0.0040889                0.99591             3     
    even_MAG-GUT57066.fa             0.16922                0.0053707                0.82541             3     
    even_MAG-GUT57069.fa          1.1662e-08                0.0045283                0.99547             3     
    even_MAG-GUT57190.fa             0.26726                0.0087544                0.72398             3     
    even_MAG-GUT57346.fa             0.29782                0.0024425                0.69973             3     
    even_MAG-GUT57398.fa             0.21761                0.0031791                0.77921             3     
    even_MAG-GUT57498.fa             0.20008                0.0072862                0.79263             3     
    even_MAG-GUT57542.fa             0.39984                0.0012092                0.59896             3     
    even_MAG-GUT57592.fa             0.49301               0.00094144                0.50605             3     
    even_MAG-GUT57658.fa          0.00019743                 0.019191                0.98061             3     
    even_MAG-GUT57690.fa          0.00013716                 0.019542                0.98032             3     
    even_MAG-GUT57765.fa           0.0099046                0.0064357                0.98366             3     
    even_MAG-GUT57771.fa             0.20845                0.0059017                0.78564             3     
    even_MAG-GUT57988.fa             0.41513                0.0024813                0.58238             3     
    even_MAG-GUT58031.fa            0.032954                0.0058744                0.96117             3     
    even_MAG-GUT58133.fa             0.18702                 0.016539                0.79644             3     
    even_MAG-GUT58310.fa             0.13993                 0.024797                0.83528             3     
    even_MAG-GUT58392.fa          1.8222e-05                 0.014818                0.98516             3     
    even_MAG-GUT58672.fa             0.26759               0.00033329                0.73207             3     
    even_MAG-GUT59019.fa            0.049469                0.0099255                0.94061             3     
    even_MAG-GUT59502.fa             0.33197                0.0014939                0.66654             3     
    even_MAG-GUT59576.fa             0.23879                0.0044546                0.75675             3     
    even_MAG-GUT5959.fa              0.29069               0.00052215                0.70878             3     
    even_MAG-GUT59593.fa          1.5029e-05                0.0083623                0.99162             3     
    even_MAG-GUT59626.fa             0.30148                0.0030651                0.69545             3     
    even_MAG-GUT60077.fa             0.22326                0.0029616                0.77378             3     
    even_MAG-GUT60123.fa            0.099792                 0.030716                0.86949             3     
    even_MAG-GUT60157.fa             0.21892                 0.005718                0.77536             3     
    even_MAG-GUT60320.fa             0.28274                0.0022524                  0.715             3     
    even_MAG-GUT60370.fa             0.10326                 0.033721                0.86302             3     
    even_MAG-GUT60466.fa             0.11382                 0.018681                 0.8675             3     
    even_MAG-GUT60605.fa             0.23032                0.0028574                0.76682             3     
    even_MAG-GUT60756.fa          5.7064e-07                0.0096934                0.99031             3     
    even_MAG-GUT60799.fa            0.021091                  0.11555                0.86336             3     
    even_MAG-GUT60882.fa             0.20172                0.0034823                0.79479             3     
    even_MAG-GUT60999.fa             0.34075                0.0030473                 0.6562             3     
    even_MAG-GUT61376.fa             0.32512                0.0019813                0.67289             3     
    even_MAG-GUT61623.fa             0.12347                0.0058098                0.87072             3     
    even_MAG-GUT61634.fa          6.7094e-09                0.0077873                0.99221             3     
    even_MAG-GUT61658.fa             0.20917                0.0044226                 0.7864             3     
    even_MAG-GUT61937.fa             0.14568                 0.015453                0.83886             3     
    even_MAG-GUT62028.fa             0.08777                 0.015924                0.89631             3     
    even_MAG-GUT62054.fa             0.32117                 0.011192                0.66764             3     
    even_MAG-GUT62117.fa              0.1748                0.0043838                0.82082             3     
    even_MAG-GUT62119.fa          2.3223e-05                 0.010755                0.98922             3     
    even_MAG-GUT62206.fa          3.8141e-05                 0.019185                0.98078             3     
    even_MAG-GUT62429.fa           0.0022643                 0.064554                0.93318             3     
    even_MAG-GUT62444.fa             0.15651                0.0089712                0.83452             3     
    even_MAG-GUT62509.fa             0.25022                0.0080358                0.74174             3     
    even_MAG-GUT62666.fa             0.14965                 0.004317                0.84603             3     
    even_MAG-GUT64345.fa          3.4718e-09                 0.010959                0.98904             3     
    even_MAG-GUT64513.fa          3.4718e-09                 0.010959                0.98904             3     
    even_MAG-GUT66378.fa          0.00098321                0.0009633                0.99805             3     
    even_MAG-GUT66382.fa          0.00063019               6.9289e-05                 0.9993             3     
    even_MAG-GUT6679.fa             0.034882                 0.024707                0.94041             3     
    even_MAG-GUT66953.fa          3.6767e-12                  0.26079                0.73921             3     
    even_MAG-GUT67253.fa          1.8319e-11                  0.11978                0.88022             3     
    even_MAG-GUT67256.fa          9.4026e-09                 0.060893                0.93911             3     
    even_MAG-GUT67799.fa          1.4506e-11                   0.1474                 0.8526             3     
    even_MAG-GUT68086.fa          2.2203e-14                  0.41775                0.58225             3     
    even_MAG-GUT68216.fa          6.3665e-13                  0.23053                0.76947             3     
    even_MAG-GUT68260.fa          2.2705e-14                   0.5826                 0.4174             2     
    even_MAG-GUT68570.fa          1.1201e-11                  0.12957                0.87043             3     
    even_MAG-GUT68726.fa          7.5329e-14                  0.30575                0.69425             3     
    even_MAG-GUT68810.fa          2.0914e-09                 0.016562                0.98344             3     
    even_MAG-GUT68872.fa          1.1047e-11                  0.11689                0.88311             3     
    even_MAG-GUT69096.fa          1.5332e-09                 0.017507                0.98249             3     
    even_MAG-GUT69113.fa          7.3213e-13                   0.2816                 0.7184             3     
    even_MAG-GUT69123.fa          3.7658e-09                  0.18943                0.81057             3     
